##NAMES=
##LOCALITY=
##RRUFFID=
##CHEMISTRY=
320, -16.90926378301492
321, 6.957462519890214
322, 31.34779048950668
323, 33.507500500071274
324, 22.725305869667864
325, 15.307169070278633
326, 10.147555104038474
327, 1.8161675072615253
328, -8.75105532919406
329, -10.10076091487963
330, 0.5185186157095814
331, 11.66967155597331
332, 16.436050248239553
333, 22.068948155750604
334, 37.74508289353389
335, 57.91307557068967
336, 67.19023426944341
337, 65.44801959663437
338, 57.39767387945221
339, 44.12018962588854
340, 30.768816602209426
341, 19.310620746675795
342, 10.428365853760624
343, 5.729379963383508
344, 5.447790949633145
345, 10.858400126327524
346, 21.952459980125695
347, 37.564300093337806
348, 55.45829951704127
349, 77.44708409921077
350, 103.65670465386847
351, 121.61324055786372
352, 124.88950201024363
353, 118.93487226484467
354, 109.91915867511943
355, 99.96942725599911
356, 94.17384942499802
357, 94.39217342449001
358, 108.90042445677682
359, 137.30888593697455
360, 159.67038426157796
361, 169.87731094984974
362, 169.30277105134655
363, 158.80947147381858
364, 141.5564659365332
365, 121.8684599726339
366, 102.96513859942615
367, 93.76764634922574
368, 92.49114539310904
369, 85.55853692905794
370, 71.46224672148583
371, 61.222079170273446
372, 58.54889437872225
373, 54.87403856956462
374, 44.29159746186269
375, 30.200600274264616
376, 17.599462980592307
377, 8.985104894516553
378, 5.512845674445089
379, 6.603199869924538
380, 10.18304280810662
381, 14.928441360020315
382, 16.183649554409385
383, 12.356962635059972
384, 4.865976938681797
385, -5.329462885471912
386, -13.858133143718987
387, -14.65224715939894
388, -10.467968812470644
389, -8.395371421402615
390, -8.622065413985638
391, -10.965468021952347
392, -15.064490577816741
393, -13.830236487665843
394, -4.959144808906785
395, 2.4747717590348657
396, 3.269383930162803
397, 0.9867747710818549
398, -0.38770716258932225
399, -0.984772249980324
400, -0.869618561358493
401, 1.8609575796863282
402, 15.961731937688455
403, 41.90611287008733
404, 59.0835091738677
405, 63.162002349994054
406, 67.92529418866206
407, 79.90099508967842
408, 94.54221227729022
409, 107.70987437630765
410, 121.46732159229032
411, 139.496274684534
412, 158.8352035925982
413, 169.4564785329576
414, 172.13404540939746
415, 176.95010063267682
416, 185.59282405274098
417, 196.34777129749455
418, 208.6293092972378
419, 222.1839348692224
420, 236.85403109650042
421, 246.79699290271537
422, 244.98884505429442
423, 236.31076669363938
424, 231.6380104390355
425, 229.42581393335377
426, 221.83534678626074
427, 208.41215662076138
428, 192.11302855877784
429, 173.5123270457848
430, 151.35896036953045
431, 125.23204560758722
432, 104.38328592127891
433, 95.31358861973285
434, 88.26876940778902
435, 70.28537613456729
436, 46.159210039249956
437, 27.429843042594257
438, 17.12324542627175
439, 13.302623316544214
440, 14.73084113197092
441, 15.451440884973636
442, 12.687282647319535
443, 7.091845806470246
444, -0.2730574797092231
445, 0.6441736495312398
446, 17.2545726640069
447, 38.498400495231635
448, 50.662702887413616
449, 54.76539198322325
450, 53.11905980204256
451, 46.631815896110766
452, 38.41447875836093
453, 30.14141935697944
454, 31.23297700821422
455, 42.20970753740539
456, 44.561161621650626
457, 32.37724075243341
458, 16.89762372843552
459, 4.429212107361309
460, -1.6609195757614543
461, 0.8929440464526124
462, 6.907015609723203
463, 6.904064026127344
464, 2.5105922342745544
465, -0.8497668795553182
466, -3.541955848335874
467, -7.5802094136279266
468, -12.786363900885135
469, -12.20255596298557
470, -4.351481735403468
471, 3.435734323767065
472, 8.347792542898333
473, 11.733077380660689
474, 14.486162950751805
475, 14.453961684168917
476, 9.165913941775216
477, 0.5536084711811782
478, -7.616344912800287
479, -14.499360137142958
480, -15.887040858867294
481, -11.450603429297189
482, -0.12206447131393361
483, 18.224467879887925
484, 33.24747737016742
485, 42.42675297077176
486, 46.14537584194977
487, 44.58430504368016
488, 40.123666265421434
489, 34.27668338425701
490, 31.790182634034863
491, 37.69453626878112
492, 45.826604422838955
493, 45.49021226859895
494, 38.658287912485775
495, 31.258940541144057
496, 24.340722484284015
497, 20.996979933795956
498, 20.66156961262095
499, 16.566454193514346
500, 7.721836863759108
501, -0.024877602152173495
502, -5.683754003565809
503, -4.748316836908998
504, 5.359381093555385
505, 16.527741217335006
506, 22.771295803413068
507, 26.604780256971935
508, 35.95826467269535
509, 53.711262571988755
510, 80.06135595853493
511, 113.99684549857056
512, 152.17766249795704
513, 190.76146853573846
514, 212.96216148824806
515, 219.51320970495544
516, 231.86799745365715
517, 253.74096577774026
518, 275.4999844516956
519, 293.8631657988135
520, 301.64774461362913
521, 295.4777651207701
522, 281.7441075886077
523, 265.0361490574819
524, 251.27995819222633
525, 247.12395795752263
526, 247.33583467652306
527, 242.97538732877683
528, 233.37046313446126
529, 217.2048940103441
530, 196.6254331195055
531, 179.87208290167382
532, 167.6453821358441
533, 159.5012021943444
534, 155.2153005372502
535, 153.38810622489382
536, 153.35358380912385
537, 149.7263065286802
538, 140.84529193516755
539, 135.23380073390808
540, 137.17018155190635
541, 138.7094762292454
542, 133.98371315198665
543, 126.47325032590652
544, 120.035780326843
545, 111.2407919986631
546, 94.50838565108961
547, 73.78807119959129
548, 58.41858891979746
549, 48.48656470036303
550, 47.88863403718051
551, 51.69019332234484
552, 59.86490836684197
553, 70.70914091475788
554, 72.30997240535862
555, 62.980137310079954
556, 49.51096493331215
557, 33.931837100536086
558, 19.165914060614796
559, 6.440491174324961
560, 0.6261714343881977
561, 3.3647725190940037
562, 5.589109177114551
563, -0.06396278592455928
564, -7.020111126861593
565, -8.882624272979683
566, -6.936594929317835
567, -2.6553590037524373
568, 0.7723712378983691
569, -3.8237674839024294
570, -12.069462419297906
571, -10.42757044409882
572, -0.60278823804083
573, 7.787051532969144
574, 14.114919116959754
575, 20.34297469882449
576, 25.881805360447288
577, 24.036428431557397
578, 14.539076257171018
579, 10.225235522320872
580, 14.291705642832767
581, 18.59643715422044
582, 20.112276810728872
583, 20.708469821185645
584, 21.32504016746543
585, 22.22620627166134
586, 23.58590657965533
587, 22.392854875939065
588, 15.944588313910117
589, 7.325472615435501
590, 0.3041716627922142
591, -3.4054341468445273
592, -1.4627105669605953
593, 6.427641263967871
594, 20.54435305634479
595, 34.470898831983504
596, 30.644282384619146
597, 15.859066988500217
598, 17.69952843732517
599, 33.16517076951095
600, 37.28582907287773
601, 29.972385497257164
602, 29.6392566096074
603, 36.88859780229586
604, 31.067917287238743
605, 10.225445744237732
606, 4.6829193621983904
607, 21.765528354171238
608, 30.511503762601933
609, 20.46376418050295
610, 6.970570622482683
611, -2.9955519096097305
612, -9.507334595921293
613, -13.07604480083819
614, -11.603624393699192
615, -3.179288882891342
616, 6.979107923614265
617, 13.666742461636204
618, 14.461667783549728
619, 6.547241491633031
620, -1.8540173391588723
621, 1.0691909265947288
622, 13.495685387001231
623, 31.322663737601488
624, 49.58189838618
625, 57.49082985393943
626, 54.74614867858463
627, 41.57520900255804
628, 22.217029915676903
629, 10.46612780976966
630, 8.870877247104545
631, 18.991637577570145
632, 35.59596099840019
633, 36.794152862803
634, 24.26241363236977
635, 25.1870840200595
636, 41.553098768167274
637, 54.88143813160423
638, 61.62607348187112
639, 63.54776573840036
640, 60.78729209093399
641, 49.91410287299459
642, 31.079328974544296
643, 22.25580723476787
644, 28.78971826373754
645, 32.9803800019813
646, 27.834655707835736
647, 17.958090015472408
648, 5.692033125942089
649, -0.35185501648265927
650, 3.510871449107981
651, 6.070914837269356
652, -0.4093875196717818
653, -7.228716244588213
654, -8.547428709352516
655, -4.004956669601597
656, 7.287665938083592
657, 21.886442922854258
658, 35.872247557458195
659, 41.602722245128916
660, 30.02354277633549
661, 11.932972942269771
662, 2.0668946460209554
663, 1.6357196635399305
664, 12.02283084001283
665, 25.438126818840374
666, 28.44395847247415
667, 24.747387493458973
668, 22.178145195928664
669, 20.817993046092397
670, 20.379731374679977
671, 20.520440257816972
672, 20.419874458078993
673, 19.130206127363635
674, 14.160135869477017
675, 7.272033268436189
676, 4.235303138851123
677, 5.310659236737592
678, 8.211021513142896
679, 10.433604409928648
680, 3.3342772226205852
681, -8.62909103514312
682, -6.815847179260345
683, 6.88396370680357
684, 14.80895853617767
685, 16.6684095923074
686, 21.495090158595303
687, 27.83798337798089
688, 21.885436307339205
689, 6.466533303243068
690, 9.030445439647792
691, 29.613037156455903
692, 41.73495467616203
693, 42.24643785548915
694, 40.34636664000482
695, 37.85802868286373
696, 35.69934651513404
697, 34.31864991142038
698, 35.775340797377794
699, 39.47256735975816
700, 36.91769453871302
701, 26.874099850067523
702, 15.074911864292062
703, 3.425115499177082
704, -2.4654269882016706
705, -1.9076340980977875
706, 5.0376362210854495
707, 18.88110876091514
708, 37.475223059919244
709, 60.05186169968556
710, 82.97867461011083
711, 104.20355704472968
712, 111.6780117009489
713, 103.21024410928248
714, 93.31320531430265
715, 86.429931421535
716, 85.35118315872342
717, 90.00018255051555
718, 88.98329326132443
719, 79.04371598348871
720, 62.492531834743204
721, 40.87882154509316
722, 25.187288282100326
723, 18.58761207689986
724, 20.118658902994866
725, 26.643850501299767
726, 32.86260562812595
727, 36.79412210001556
728, 34.006985815092776
729, 23.988906872440566
730, 17.77521321355789
731, 18.074601219726446
732, 16.387209876120323
733, 10.982542091009691
734, 13.372951174902028
735, 24.274092776105135
736, 28.24018672675038
737, 21.830562115658722
738, 17.434956630789202
739, 17.584845597882122
740, 11.164478274853536
741, -3.5939094811797077
742, -13.137880578711247
743, -15.079819942227914
744, -13.43949551738342
745, -9.056383903698588
746, -1.6556397654881039
747, 9.20243927510819
748, 21.30770426045501
749, 33.750520660159964
750, 43.62548021347175
751, 50.620035964846466
752, 57.42576225601579
753, 63.03197954731195
754, 55.83834013015303
755, 36.30468707358841
756, 23.398769818571964
757, 19.06645654474005
758, 13.106532879748102
759, 4.824753836116997
760, 1.0492440120656283
761, 1.4801374987187046
762, 1.076784210182268
763, 1.909283785522348
764, 18.19961544724856
765, 47.27552850536449
766, 69.2560241649403
767, 80.98545494607197
768, 79.44820697572095
769, 67.37654585321752
770, 56.34797744179741
771, 49.03674308110476
772, 50.80352658611582
773, 56.14036987139616
774, 46.4127093277998
775, 27.906885878627236
776, 22.2331421893482
777, 28.52987748408077
778, 33.32031394242358
779, 37.230958407986236
780, 42.990609058666905
781, 48.39606925343469
782, 48.69098788187239
783, 47.79734159660984
784, 53.171321671479745
785, 58.673411107212814
786, 54.062369213463626
787, 44.518221283960884
788, 37.65963431218597
789, 39.29735995408237
790, 56.62157551564678
791, 73.07233464569936
792, 70.72764400750657
793, 59.09856535126801
794, 47.01902678755596
795, 42.1817606427544
796, 50.5510172622362
797, 56.13563209511585
798, 48.13706820785637
799, 32.84302119780341
800, 14.100032666014158
801, -0.8255261271201562
802, -9.92429566155306
803, -0.4160812605546198
804, 32.551603018243895
805, 52.67670997695495
806, 48.04457440002852
807, 38.82870406181701
808, 31.87172188083923
809, 32.491800658248394
810, 41.201620168988484
811, 50.65653030648309
812, 58.05091752246017
813, 55.604970210153624
814, 43.54156888402713
815, 30.65423241392
816, 20.90661949227706
817, 25.969417820921535
818, 39.117464671283415
819, 31.13894431077233
820, 9.671122413580633
821, 6.262958279977738
822, 14.710573022537119
823, 15.01137830249263
824, 9.486117158238812
825, 4.6035593841015725
826, -0.6568233545476687
827, -9.56099623445516
828, -7.791506984822263
829, 25.07764087721307
830, 59.174951505921854
831, 62.15426665054065
832, 46.013789618140436
833, 20.814213404650218
834, 0.4788548151350369
835, -5.847331634810416
836, 0.1060446266251347
837, 17.46922791373845
838, 25.4739810078986
839, 17.27382524241466
840, 19.966193713392386
841, 40.8041332489388
842, 61.72120934869781
843, 76.49701706869564
844, 74.1169681851834
845, 55.35133387965607
846, 37.011640307389825
847, 23.660986777213566
848, 23.66680818766872
849, 36.12880013447011
850, 54.96260820626412
851, 70.61130836848952
852, 59.86066573037169
853, 34.91787274036005
854, 22.26485902915283
855, 16.368196476935736
856, 7.720167571014372
857, 0.7899499993964127
858, -0.7750217214711483
859, -1.2366250614859382
860, -4.047278717298013
861, -4.502945191971321
862, 0.40106544804484656
863, 7.944920501417528
864, 15.98887349675988
865, 14.829782130592776
866, 2.8399957827482467
867, 0.6095137833299304
868, 11.297314402890606
869, 19.283178104271883
870, 22.223035000996333
871, 24.0822324412311
872, 25.056675786802316
873, 23.759802428504372
874, 22.446017290786585
875, 27.746840020836316
876, 31.678665711559006
877, 17.03805836012407
878, -2.450851859885006
879, -5.610223892645081
880, 1.3204301511882477
881, 12.445956835525521
882, 26.41380047996563
883, 42.02584318560503
884, 46.504589074542764
885, 33.72467092903025
886, 19.92468759671965
887, 11.410250745474514
888, 7.295812163800747
889, 7.774287779253882
890, 10.814952247295423
891, 16.262617643928934
892, 29.206075415193936
893, 44.90119075958819
894, 44.702763832286564
895, 32.08124590365833
896, 19.307953915645157
897, 6.886914695704036
898, -4.579802469749211
899, -11.110048330969676
900, -7.2546316829002535
901, 2.3830470208486076
902, 14.708820453985936
903, 26.598748713488476
904, 36.79772639044086
905, 51.7921127395266
906, 72.4269061405762
907, 81.49002400923246
908, 76.54099140355765
909, 71.29392307635044
910, 66.48602786191168
911, 54.9056386915895
912, 41.021624740815696
913, 39.99270873047635
914, 42.016619662586436
915, 25.95998846994462
916, 4.912751967806344
917, -2.5731379397093406
918, -2.490452530303628
919, 0.6977443641017089
920, 11.678577201536882
921, 32.025583882556475
922, 46.028878209065624
923, 48.675716169285806
924, 49.49618651905075
925, 50.860068642703936
926, 52.47303976642934
927, 51.544898591996116
928, 37.78312336600811
929, 18.3122320853804
930, 13.224027470656438
931, 16.097039809149464
932, 14.90159193899126
933, 15.56789498355829
934, 24.278073158782718
935, 26.1604581767765
936, 12.516921079742133
937, 7.511560891107365
938, 19.786278089152802
939, 22.56627850231007
940, 11.58950812456942
941, 4.834110336334106
942, 4.740500915683697
943, 6.973667812555959
944, 11.925387932561534
945, 22.746093905630914
946, 32.01799482814522
947, 27.944600829495812
948, 15.580633683919132
949, 0.07272368901976733
950, -6.617902898361081
951, 0.8908172777887557
952, 6.398871555577898
953, 4.142596519563995
954, -0.6239399834284995
955, -5.422480980181717
956, -4.187974412669519
957, 2.312609624191282
958, 9.36284818914146
959, 13.5348742577944
960, 9.491726692406246
961, 4.177784570854328
962, 6.101788018725529
963, 16.47560325351469
964, 34.57104724866167
965, 42.67436845311158
966, 35.208511989257204
967, 28.691339356281787
968, 27.289805866731285
969, 31.108441523829015
970, 37.171969210277666
971, 36.21195153916119
972, 30.29844417580057
973, 24.57026547361511
974, 25.91977962050055
975, 41.61345271310665
976, 52.98830617304793
977, 48.45199994769678
978, 32.399578086227166
979, 8.365952802512993
980, -7.278546201537438
981, -11.630198503212114
982, -0.6236591898386905
983, 17.408702032730844
984, 16.193710525969436
985, 8.520838866719487
986, 17.26041714294456
987, 30.2784122335147
988, 37.70519628048419
989, 43.25819594811492
990, 48.01640528342409
991, 42.96281805668423
992, 29.072556833654744
993, 27.04407462861809
994, 36.688105322715955
995, 46.706509754416174
996, 51.086255084923096
997, 40.2330850474566
998, 33.152133040790886
999, 49.280138484113195
1000, 67.38360361617265
1001, 75.55929324265821
1002, 75.35221250505447
1003, 65.50211923844995
1004, 34.76739934694365
1005, -6.341412165872043
1006, -15.532462687001043
1007, 3.3713543513968034
1008, 39.741843373085885
1009, 74.58904146125838
1010, 88.77727707053259
1011, 91.15818513372801
1012, 86.58599282132263
1013, 73.33506196683629
1014, 53.19898955549843
1015, 40.22842015227093
1016, 33.8540592407719
1017, 24.779840818993307
1018, 20.083053486337803
1019, 35.426764484016985
1020, 52.674919965233585
1021, 57.03850085414251
1022, 56.78618961584539
1023, 56.19775018346945
1024, 57.82618316397861
1025, 61.14452361042049
1026, 60.29324750716955
1027, 54.792336702998455
1028, 45.41479502339598
1029, 32.10702874466688
1030, 14.830832004138074
1031, 4.94658362059954
1032, 9.911003613862476
1033, 12.469976209098377
1034, 7.518536880950023
1035, 2.6786244371985504
1036, -0.8674269146965798
1037, -5.3755856372135895
1038, -7.826590656996132
1039, -1.827114910415503
1040, 12.004744975941094
1041, 32.458974153536474
1042, 55.188670699079466
1043, 75.01579551046166
1044, 62.92962028336888
1045, 20.782234972235756
1046, -13.776864661773743
1047, -34.780339609607154
1048, -37.57414409403441
1049, -25.903053046626837
1050, -3.163130283736791
1051, 7.975181863683929
1052, -2.4320787158608255
1053, -0.24369264018741887
1054, 20.092120973395822
1055, 39.13641944832216
1056, 50.900842804972626
1057, 47.13012267858312
1058, 31.194060804020182
1059, 7.767030513839472
1060, -7.462446942914539
1061, -7.992933702556684
1062, 2.466946768380467
1063, 22.0870932245125
1064, 43.96359081985065
1065, 71.12231425514574
1066, 110.9175053164347
1067, 153.03839694213139
1068, 193.75982634129264
1069, 238.64811175995965
1070, 289.4981878462627
1071, 334.1654618850182
1072, 375.23622807514676
1073, 437.7942170806796
1074, 510.62558654734994
1075, 563.9654798704521
1076, 599.9167157573534
1077, 621.3462894446957
1078, 623.741489696514
1079, 606.9608899299524
1080, 587.0351415535347
1081, 563.0991536459385
1082, 519.2755484802437
1083, 460.77128555852323
1084, 399.0392419797779
1085, 337.4517527218211
1086, 278.5352232025939
1087, 223.53371457046842
1088, 173.16577500680614
1089, 129.01189084063435
1090, 89.76513232176558
1091, 51.15052108462919
1092, 21.763621704017396
1093, 3.302934195546868
1094, -7.255409841358869
1095, -11.208167354137004
1096, -4.535460086649437
1097, 8.670352740759427
1098, 5.539830035908608
1099, -8.130941226500909
1100, -17.29440799762847
1101, -19.44382519051328
1102, -12.723101758104804
1103, -4.389533776534563
1104, 2.2080284596370348
1105, 0.27251034515415995
1106, -6.193477026950859
1107, -4.4084474556484565
1108, 3.498860202546439
1109, 14.307587797999759
1110, 22.022756421902614
1111, 24.219841041578093
1112, 25.63663132364104
1113, 26.003688400436886
1114, 20.815750419675396
1115, 11.25516012670414
1116, -0.2348084015970926
1117, -6.5576611867177235
1118, -3.7119114563224684
1119, 10.309676951176698
1120, 30.690999355098484
1121, 33.74271473933777
1122, 21.313190644419592
1123, 1.6696265945015512
1124, -10.89514920287229
1125, -7.61892382303995
1126, 3.9102767772999414
1127, 21.19171848101405
1128, 38.73731439296171
1129, 49.94865156961282
1130, 42.474538890213125
1131, 31.407260691495367
1132, 29.548088533261307
1133, 28.554761713483003
1134, 27.30075955411985
1135, 36.02787458788907
1136, 49.65139997332017
1137, 53.40471831803484
1138, 54.4524852029449
1139, 59.70800406052854
1140, 66.97316037004452
1141, 73.82085774246639
1142, 71.4920150439375
1143, 60.578817410895
1144, 45.43948780550613
1145, 37.76781364186422
1146, 46.99637317151155
1147, 54.88391000226966
1148, 55.039407028508094
1149, 49.50479280964623
1150, 38.11593445828521
1151, 19.901252500538476
1152, 6.979755036968527
1153, 9.471024148403103
1154, 14.805085093711568
1155, 18.086695614002565
1156, 21.469457423789663
1157, 22.12787412941657
1158, 14.113954521764754
1159, 4.044298571341187
1160, -1.5799176129085026
1161, 10.432035168234961
1162, 35.9330640923838
1163, 40.96486743881246
1164, 27.100220560874504
1165, 2.969306080648039
1166, -14.245409710008516
1167, -15.95213612378484
1168, -1.1503046404400266
1169, 25.506962360439047
1170, 43.228577267449054
1171, 49.66336287713261
1172, 44.268087083409
1173, 40.142225443521056
1174, 41.87655951000124
1175, 38.45726384831892
1176, 33.448989977491465
1177, 40.66510159709219
1178, 53.379154391396696
1179, 64.43979300998853
1180, 68.56695298146587
1181, 65.38491186472243
1182, 61.79435007383313
1183, 64.5236772843657
1184, 83.81798040863032
1185, 105.21300586173197
1186, 117.91801680745652
1187, 108.66792416303679
1188, 80.74993705974498
1189, 54.64231599338086
1190, 31.077852540136973
1191, 9.456516646343516
1192, -2.388564264651677
1193, -3.9440037100641803
1194, -2.1520974622942504
1195, 4.370915773850356
1196, 20.692664535670474
1197, 24.566424422882164
1198, 3.5607853564149536
1199, -7.632328776951454
1200, -3.9891571126604504
1201, 4.838756386430532
1202, 20.56896476625684
1203, 43.94651779747278
1204, 56.49212591079413
1205, 53.91741519335119
1206, 55.79697606506693
1207, 57.31179963744353
1208, 43.53320128487212
1209, 27.180377992521926
1210, 17.295626625274053
1211, 16.96871367096537
1212, 25.03752425102539
1213, 35.90258293308648
1214, 42.49528631335443
1215, 37.97692637336968
1216, 24.06067253819151
1217, 6.684490961724578
1218, 9.629868385665304
1219, 18.75353753197919
1220, 9.574717055948213
1221, 1.620412135198194
1222, 3.112958790800576
1223, 0.4797343469340376
1224, -1.0700337884870805
1225, 15.376299508876173
1226, 28.159283266860484
1227, 22.27675833769399
1228, 8.128722656795844
1229, -7.62079848069402
1230, -13.824310140185844
1231, -13.258338608398162
1232, -8.911773665612827
1233, -2.448766175182527
1234, 5.829406857305912
1235, 15.791214608959308
1236, 27.122810404484426
1237, 39.80457558427656
1238, 41.36470265317553
1239, 30.252257025348854
1240, 25.579694941128764
1241, 35.27278885057035
1242, 60.90383618461124
1243, 81.9014263827878
1244, 88.47423796505723
1245, 88.43683182934979
1246, 87.8746553390265
1247, 96.39325214261885
1248, 109.36483511515257
1249, 122.26166167025258
1250, 124.37183622897737
1251, 120.61377946427933
1252, 128.28538502854144
1253, 132.7617183518298
1254, 123.60211212838635
1255, 111.97646463687465
1256, 101.35429145883131
1257, 93.65136570564277
1258, 90.52670351459938
1259, 92.75445167027851
1260, 94.15586633823227
1261, 94.092202538543
1262, 95.81318681052176
1263, 103.08156026452343
1264, 117.69649901570665
1265, 120.31672069233969
1266, 110.59504676459392
1267, 106.08265101422194
1268, 104.97771617098465
1269, 103.55524434369795
1270, 94.19203521420354
1271, 76.53875401428013
1272, 57.36434355000529
1273, 46.7122682801687
1274, 58.37817106247485
1275, 78.29811335424574
1276, 97.86008004926703
1277, 98.2862415711786
1278, 87.40858939122177
1279, 75.61827634616384
1280, 74.74584797042667
1281, 82.83413114060477
1282, 81.86798690692603
1283, 72.81452497688224
1284, 58.65897843759012
1285, 48.23747400883735
1286, 43.75033504534258
1287, 44.0584839863684
1288, 46.345675323390196
1289, 47.45197417888585
1290, 39.65828963376384
1291, 29.155886850486013
1292, 38.30939402542526
1293, 41.1024499536104
1294, 20.45619170981172
1295, 14.619998479267906
1296, 23.05226437708461
1297, 18.157663986493844
1298, 15.743427839197693
1299, 23.087188340554803
1300, 10.045146901120688
1301, -9.098296881290025
1302, 5.311407104253703
1303, 22.301536082893108
1304, 23.97392783097689
1305, 19.640959473159455
1306, 11.60701641710125
1307, 1.565945625898621
1308, -0.1465728526457042
1309, 7.141160506699862
1310, 6.058112783280194
1311, -1.7366031422632204
1312, -10.76522716179852
1313, -10.547974248615446
1314, -1.6916091979790053
1315, 0.08028715882096549
1316, 0.4161191797211359
1317, 5.420723459619694
1318, 7.3091826555905755
1319, 5.39100450992396
1320, 3.4379349270532202
1321, -1.7436281799450626
1322, -10.08022612939044
1323, -3.1412771514651467
1324, 16.538083888204483
1325, 35.16354264476331
1326, 34.83885445222495
1327, 13.661624095396519
1328, 6.063846694751646
1329, 12.098689665296206
1330, 24.50146213006815
1331, 48.60478569842576
1332, 72.30793853324712
1333, 49.100306586807164
1334, 22.768102259741227
1335, 30.4732136214991
1336, 28.80390372724287
1337, 17.664775511739663
1338, 19.651522650484367
1339, 16.363877624766474
1340, 3.5814553170059753
1341, 18.179742993644822
1342, 41.384652802041046
1343, 39.303171723468495
1344, 17.89394628406535
1345, -10.71121736177679
1346, -14.905767156876664
1347, -2.2993024842712657
1348, 17.343951966830673
1349, 21.841606392513995
1350, 12.208374763772326
1351, 1.2090183768275438
1352, 2.7486560927509345
1353, 19.178280020739066
1354, 28.878567152817595
1355, 33.75123236520972
1356, 38.71085690768837
1357, 37.123129623624436
1358, 30.000947429512053
1359, 25.238008255773366
1360, 17.975367407780595
1361, 6.619262861674315
1362, 2.0366087908266763
1363, 0.9017108408315835
1364, -4.046674649960551
1365, -0.5033241703524709
1366, 14.762239136263815
1367, 36.131583468826875
1368, 50.73055030527007
1369, 50.857248031038125
1370, 49.00143508611882
1371, 44.434844190405784
1372, 32.45512016276143
1373, 23.641487149936893
1374, 19.84157161914868
1375, 12.88209904013388
1376, 5.0123806967740165
1377, 0.5853299588761729
1378, 9.880902700467686
1379, 24.335899688059044
1380, 25.94340789248713
1381, 21.269936620197768
1382, 15.056944359747376
1383, 13.910900189331642
1384, 17.091436770884684
1385, 21.855872233174296
1386, 16.226905713772794
1387, 5.113260086514856
1388, 1.1366011251279815
1389, 12.98494789782444
1390, 35.00968599346038
1391, 40.324868070592856
1392, 39.78852055979792
1393, 40.34610095218363
1394, 30.379288082756602
1395, 15.949960319424235
1396, 7.565463606332969
1397, -1.2631708560568313
1398, -7.328829097872358
1399, 2.1846480497442826
1400, 16.96376942696361
1401, 28.672250056466737
1402, 31.152441870849316
1403, 23.16453663900802
1404, 6.507623548622632
1405, 2.2518396054947516
1406, 11.597729011986985
1407, 25.936453211910703
1408, 33.95685463336849
1409, 30.41473494153888
1410, 13.646709735743798
1411, 1.648690477724358
1412, 4.656256174679129
1413, 3.5513851032606
1414, 4.629995838737386
1415, 19.09212497863018
1416, 27.23138776698147
1417, 28.559352987649845
1418, 34.152579438152316
1419, 33.057079923288484
1420, 25.256807713222315
1421, 30.895304539746576
1422, 38.66119256008233
1423, 38.35247081425905
1424, 32.180061952264396
1425, 23.28447508458953
1426, 15.683852982314647
1427, 12.498781459777774
1428, 13.353590210116181
1429, 15.42955753320075
1430, 18.021335567344522
1431, 19.825750357946617
1432, 17.314460118561556
1433, 9.470715153023548
1434, -1.9761904366016552
1435, -4.881821977981872
1436, 0.7972014094079896
1437, 13.182341448552506
1438, 26.123783284218234
1439, 30.276594145692115
1440, 13.029655817182402
1441, 2.5795493969278596
1442, 5.828084740222721
1443, 12.609137507703622
1444, 21.900418494173664
1445, 30.451778112297575
1446, 25.00690289483498
1447, 17.57195505366974
1448, 18.697536379120265
1449, 26.19323201125735
1450, 29.8021520046085
1451, 19.36972165984014
1452, 14.27354475680977
1453, 10.37933613230416
1454, -6.641742957519227
1455, -10.695311927027888
1456, -1.3942167203681493
1457, 0.6154054509320304
1458, 6.305252139391882
1459, 16.565956274997916
1460, 14.70197637238698
1461, 11.313322583581567
1462, 12.451059830292024
1463, 7.961253909934612
1464, 0.10182804919065802
1465, -5.856384319443578
1466, 2.0976417067423654
1467, 19.603415367964544
1468, 36.20132179420432
1469, 47.821241102453314
1470, 50.6388302698366
1471, 40.5090287944214
1472, 28.401567799511213
1473, 16.737754886489483
1474, 3.3636547192963917
1475, 5.936159706796047
1476, 23.784808699246696
1477, 31.90391160250897
1478, 27.542374153060678
1479, 15.000998631748416
1480, 12.395479277790741
1481, 9.364133497795933
1482, 2.6706239813811408
1483, 16.017074775448577
1484, 27.255386348891534
1485, 19.325810901532577
1486, 18.216721038140236
1487, 16.909861860926526
1488, 5.971453601296503
1489, 5.860493662316458
1490, 8.704636121743306
1491, 0.05912834992830085
1492, -5.690014787915175
1493, -1.703742373246314
1494, 16.755182793259337
1495, 27.899468975405625
1496, 26.973625463832605
1497, 18.160589642512264
1498, 18.852292315136083
1499, 29.057514645930382
1500, 35.86980944244215
1501, 32.53604384948676
1502, 20.217740611293493
1503, 8.018260795276433
1504, 2.8870819178878264
1505, 5.073516817255268
1506, 6.2156375283316265
1507, 2.294241837935033
1508, -1.4148995600507988
1509, 14.766420316597191
1510, 26.059166188559516
1511, 21.287976565953045
1512, 10.205783656121525
1513, -0.019688988548296038
1514, -3.6885717703984255
1515, 5.813806878845185
1516, 15.504712261211125
1517, 18.58896462980283
1518, 22.273751443268566
1519, 26.25300926838588
1520, 26.85811756632495
1521, 12.243345332570016
1522, 5.181915324246461
1523, 14.04892341932532
1524, 5.64987052862557
1525, -1.7461492751837113
1526, 1.9472449655615947
1527, -4.401580956192788
1528, -3.1030182697605824
1529, 10.77216776940054
1530, -4.471946630424782
1531, -12.254215974084673
1532, 8.591488036805345
1533, 26.930739731156336
1534, 33.58134475166287
1535, 25.8731666324519
1536, 8.965900601348267
1537, 2.395292627028539
1538, 12.635731927307802
1539, 13.368292190745592
1540, 5.56933937453789
1541, -5.1274977851779795
1542, -6.986046417731131
1543, -1.286181135823881
1544, 7.142593848195588
1545, 4.593524977218408
1546, 6.676128761201085
1547, 17.452456785125264
1548, 19.358962970141306
1549, 20.257969937040343
1550, 23.3772432650552
1551, 24.395277766831896
1552, 33.34838576621712
1553, 41.720057694718776
1554, 15.490401595127423
1555, -7.291828242842712
1556, -13.898792380224563
1557, -12.899691573863834
1558, -1.9250535928279078
1559, 12.364906901350423
1560, 12.458194356128615
1561, 4.130649477169754
1562, -5.116275224586502
1563, -7.844478537366967
1564, -11.50764360534265
1565, -10.145350111729499
1566, 7.147164824908373
1567, 25.0659520803041
1568, 47.49922612418288
1569, 81.94121008812601
1570, 106.83270580157523
1571, 123.06457592970139
1572, 136.71090712690363
1573, 158.03942362133307
1574, 195.26765796652376
1575, 249.88005451110064
1576, 304.5713020961291
1577, 353.3142693473724
1578, 394.5452620245338
1579, 431.62018109459177
1580, 454.7472507597615
1581, 459.321163660863
1582, 447.0682080963236
1583, 420.1385169119254
1584, 389.280082887146
1585, 372.7338194863985
1586, 332.2812816716705
1587, 276.3717168597409
1588, 236.08414623188992
1589, 187.65543576166897
1590, 142.28321200333198
1591, 115.52385231098583
1592, 75.17218913420652
1593, 32.86585975715229
1594, 9.096323140059667
1595, 10.21672480382449
1596, 17.522859476418716
1597, 17.765026824795314
1598, 5.176965259715075
1599, -11.259254515135808
1600, -20.792031088259705
1601, -6.549313850963472
1602, 8.260552594115666
1603, 17.42811280473552
1604, 23.19918966846342
1605, 22.158213345580634
1606, 18.50321897592812
1607, 15.326400331672062
1608, -2.1579830205455437
1609, -10.156928101641142
1610, 1.7420554620985058
1611, 2.122044866183728
1612, 9.609276114397517
1613, 26.162751046526864
1614, 29.681022006306307
1615, 33.263840114324694
1616, 33.281581665549766
1617, 16.751848009911328
1618, -2.167152322898687
1619, -6.34918602532332
1620, 14.048531030022446
1621, 33.04327753548239
1622, 42.495574695712094
1623, 38.68541429251081
1624, 19.917057553578047
1625, 5.010102681883495
1626, 3.9666599466544312
1627, 17.50844480565422
1628, 27.318815913622302
1629, 26.231016231406556
1630, 13.26220074850687
1631, -0.4405309352491713
1632, 4.248470807745775
1633, 32.582659067397685
1634, 53.71945508709189
1635, 67.84850177175997
1636, 72.31732761131286
1637, 58.84066066553453
1638, 32.27452716846881
1639, 4.554804999024327
1640, -9.426734191373953
1641, -2.99778542602985
1642, 11.688326624138199
1643, 21.301503601121
1644, 15.298437449010862
1645, 12.419089226145388
1646, 17.028171847038493
1647, 20.56622593392592
1648, 13.291286877287575
1649, -0.2856524508390521
1650, -9.181641892712605
##END=



