##NAMES=
##LOCALITY=
##RRUFFID=
##CHEMISTRY=
320, 8.925704170972494
321, 2.525022724063092
322, -4.06672649896791
323, -2.7392846176589956
324, 0.8159866493551817
325, -3.2694700831361843
326, -12.15712854866888
327, -13.488267858051586
328, -7.413501471197378
329, -6.210937574125637
330, -12.688650633661382
331, -12.451464813352686
332, 2.7797484744060057
333, 20.036456682400058
334, 20.69700393745279
335, 12.723554794163647
336, 19.49974539303639
337, 36.95454351141416
338, 39.83663285813236
339, 24.974037654569656
340, 14.677149356701193
341, 18.89146886909748
342, 22.400698898626615
343, 13.8925422807215
344, 4.426603642478767
345, 10.961707570711042
346, 29.12336766840417
347, 36.58912919896375
348, 32.82107685334904
349, 32.891734976929
350, 40.18086521910027
351, 42.13125957399825
352, 32.27281440204206
353, 17.555559013158927
354, 7.604037256866832
355, 2.599829351518565
356, 4.8452370978666295
357, 14.067292473573616
358, 28.054802819877295
359, 44.37238145683932
360, 55.34328413055573
361, 58.57218012838439
362, 51.09155941816607
363, 31.036967853158785
364, 8.001273134465919
365, -4.081922764250521
366, -7.350132878721524
367, -4.939154811321714
368, 1.8010316762065486
369, 5.18061025400948
370, 4.6889068279333515
371, 8.317898704241998
372, 19.113590711608595
373, 27.00811960891133
374, 25.635804614608787
375, 21.98009578148958
376, 26.31045125505625
377, 34.84917623234924
378, 36.273114626153074
379, 30.685109529109468
380, 23.121860158381423
381, 14.396302365712472
382, 3.9914124305723817
383, -7.798055885834401
384, -14.068199856362298
385, -9.97396496066358
386, -1.4744986924888508
387, 3.2824772797048354
388, 3.6803809873117643
389, -2.210151711454273
390, -12.63598596616248
391, -17.1536643678146
392, -14.960454859883612
393, -12.410495502743288
394, -11.26759760018831
395, -9.79869607427645
396, -6.891256185681414
397, -4.125949491594838
398, -3.4908046031232516
399, -4.995296448675617
400, -8.949229594830285
401, -14.733708516143452
402, -18.35068218303786
403, -19.213232768591297
404, -13.562309483721947
405, -0.2259376253168739
406, 10.890604175084263
407, 14.485961797803611
408, 14.2979787310569
409, 15.159071734288773
410, 18.331243662403722
411, 26.229605813750823
412, 39.3750099922554
413, 58.054726298420064
414, 77.58939270398241
415, 93.73641322509775
416, 106.16240378711973
417, 121.37143440012005
418, 141.4856307846003
419, 160.02501513232528
420, 172.9606276765735
421, 182.37837316507284
422, 190.7859246471171
423, 197.5536694073926
424, 201.27145517044937
425, 202.95808675745775
426, 206.93299141665193
427, 211.70700464147012
428, 201.8396878562271
429, 174.4999370054711
430, 139.60070771949086
431, 101.06853594978656
432, 64.77624783842748
433, 41.3302180273522
434, 28.340494985402984
435, 24.443430808837547
436, 24.651409549733216
437, 15.60504548328936
438, 0.8461456956001712
439, -10.780108323730929
440, -18.66008395604331
441, -18.509814340117373
442, -9.802377022816472
443, -3.5375459551369204
444, -3.63100244020643
445, -2.517854796374195
446, 5.050944425421221
447, 13.780681046337122
448, 15.617643979574495
449, 16.0503274634666
450, 28.72242481561716
451, 46.79359837511038
452, 48.97988657549013
453, 36.44346369478717
454, 31.097435038882395
455, 35.77183902422257
456, 31.18345023476104
457, 11.337222678979742
458, -2.661822548593591
459, -1.0083673870794883
460, 4.015069145151756
461, 0.6617914142843802
462, -4.6703240614469905
463, -0.896059852299004
464, 7.150668785009657
465, 3.9190219584797887
466, -8.191939279924554
467, -13.357520970569567
468, -10.75804407691794
469, -8.387050781626385
470, -7.913006849828889
471, -7.57099169284902
472, -6.651011892579845
473, -6.422333792536847
474, -7.765290465054932
475, -9.62462975323615
476, -10.82149257016681
477, -11.240708188494864
478, -10.476151418864902
479, -8.418194951366786
480, -4.792147298929194
481, 0.7365665322231507
482, 8.547248438509087
483, 18.91138768832934
484, 26.44202838887486
485, 30.084335867936716
486, 31.002191187698372
487, 29.670395292057947
488, 27.16507284558338
489, 24.17039676584136
490, 18.70366743696195
491, 8.663751039332965
492, 1.412475541211279
493, 7.495379610149939
494, 21.3442480174881
495, 24.736995299744194
496, 18.53997151126714
497, 10.882440047012096
498, 2.5093081248405724
499, -7.806770064500597
500, -20.716550655294668
501, -28.12979924379397
502, -27.845972897036518
503, -21.706682494155757
504, -10.045029867501398
505, 2.1550916141995913
506, 11.329161058059071
507, 17.159864828558966
508, 16.954374850839486
509, 15.44573558218508
510, 18.47042674020122
511, 28.194264001080228
512, 50.702867456357126
513, 86.26132446651718
514, 118.97945981552311
515, 146.54383741729816
516, 161.77327818805134
517, 164.7241316547843
518, 176.35232657029428
519, 202.654787976453
520, 223.34127189960145
521, 228.80471635229787
522, 226.41155580750365
523, 221.4517258953283
524, 212.7832368282152
525, 199.12489671345884
526, 183.51729537982465
527, 171.15214752898555
528, 162.07805710688717
529, 156.1970718753455
530, 151.65825393764317
531, 141.58032890483173
532, 126.03560321871919
533, 109.10418589390974
534, 91.12752615707814
535, 69.41649803716882
536, 43.766894050893825
537, 25.68923841355263
538, 15.839354357018237
539, 11.773404240272612
540, 12.314073568877575
541, 12.002225935368187
542, 6.73488959739916
543, 2.9037105024881384
544, 7.793629986728774
545, 16.282365359696087
546, 20.089382235772973
547, 23.842126795023432
548, 38.05926945246756
549, 57.874016214606854
550, 73.77603815607654
551, 85.44427700939559
552, 94.88300917051856
553, 100.87762437169476
554, 93.11376118262888
555, 70.51985907026756
556, 43.28408272487923
557, 14.556286141631972
558, -7.749204637269941
559, -23.290271192673572
560, -30.18238596694391
561, -27.277967644467935
562, -16.724894752665932
563, 0.703280533839461
564, 16.260169728570872
565, 18.557304940683025
566, 13.112268718608902
567, 8.314482810676964
568, 3.7337058840457757
569, -1.3364449504970253
570, -5.04581797447554
571, -0.988010908628894
572, 7.546135105188114
573, 4.779658704014764
574, -7.350734419603214
575, -10.800196000605865
576, -4.764117711117251
577, -1.0033178375924763
578, -1.3793867711319763
579, -2.138576898248175
580, -2.390633229068044
581, -4.15481096822441
582, -8.13141625920889
583, -6.3824595804208
584, 5.347129493997272
585, 17.95798298147656
586, 24.067610562532536
587, 23.61581693717835
588, 16.548580152630166
589, 5.701883086179805
590, -4.888710880524741
591, -11.566115739628003
592, -7.368178923908999
593, 3.6204084744176726
594, 12.753133586582408
595, 19.674003090422957
596, 25.26200820750637
597, 28.85969835545893
598, 27.96345284990184
599, 23.330129349303206
600, 19.45856472413925
601, 16.97572036461679
602, 16.281308125623582
603, 16.63909744209559
604, 11.436049194902807
605, 0.44781415384113643
606, -1.94930859350643
607, 7.030312666994178
608, 9.483160096824577
609, -0.5452163842037407
610, -6.962312092182401
611, -3.31923011213712
612, -2.131452171123783
613, -10.52216245533782
614, -14.846176608267342
615, -5.157919515814683
616, 7.0103570177207075
617, 10.79542687626872
618, 9.928728450662675
619, 8.749798404322974
620, 7.605942117261293
621, 7.755465524191095
622, 10.878301605681372
623, 20.279585476794637
624, 31.087606258789492
625, 34.819619085822524
626, 31.095900086113033
627, 19.716236074033986
628, 3.1915264709059556
629, -9.927516960586217
630, -16.90436922536901
631, -4.8913315148274705
632, 23.23671750021549
633, 41.44197961191276
634, 47.056568458755464
635, 45.084253456936494
636, 36.90138787896012
637, 26.563512817371702
638, 15.821854079547848
639, 14.899246354875686
640, 24.992331364593156
641, 34.890993973835066
642, 41.54401418339785
643, 41.40400412486633
644, 33.44207599136553
645, 21.714244639412755
646, 7.9584200286335545
647, -3.9191945559919077
648, -13.531771753188423
649, -16.65147496481677
650, -10.794995332888448
651, -0.5292800918923604
652, 11.856224582574669
653, 24.74080185548155
654, 34.799847626311475
655, 38.23772918855957
656, 31.749296605087693
657, 20.9799060728692
658, 11.681684975580993
659, 5.6831635041048685
660, 3.1666113989235782
661, 5.57868373027577
662, 15.473207504056518
663, 25.677442297208927
664, 25.895435369729057
665, 21.029694558687424
666, 19.908924079254575
667, 21.224529745255495
668, 22.06148264498188
669, 22.928296792879337
670, 25.12506078056458
671, 25.740584501561898
672, 17.47694195721624
673, 2.7580944617961904
674, -10.576093394538475
675, -19.16752762309943
676, -10.966745496570184
677, 10.772974277213507
678, 31.655395227741792
679, 49.51193243945909
680, 65.23009958202783
681, 74.51945224348856
682, 59.76203945797943
683, 26.678450383548352
684, 8.659996874579974
685, 6.555073660228572
686, 1.0783275224985118
687, -8.078872293907352
688, -7.462009213829333
689, 2.0037376170425887
690, 3.8337242990314735
691, -1.9148785588236024
692, 0.3643041895084025
693, 12.086082109549352
694, 22.677554437416347
695, 29.945817113230987
696, 32.08982408307884
697, 28.798746834926533
698, 20.415224257746104
699, 7.767981327820962
700, -2.1215159864527777
701, -8.496364973314485
702, -8.840563407333775
703, -3.3156613412161278
704, 0.5281896181295451
705, 1.4395872575109934
706, 3.006492475461073
707, 6.288743920738398
708, 11.69350862019337
709, 19.803376518753794
710, 29.680223882006885
711, 40.96960629713385
712, 48.886231342564315
713, 52.08532575758454
714, 50.69517699718017
715, 44.63280634453895
716, 32.42275974592758
717, 14.542790260456059
718, 3.9786417708000954
719, 3.0643462263133188
720, 10.591558884231745
721, 26.216626405329407
722, 39.031542882865324
723, 45.820870702484626
724, 44.20689111277943
725, 34.20103694185127
726, 25.620801000232404
727, 20.909506355398207
728, 12.269454150629826
729, -0.7239654822778903
730, -9.632485247740078
731, -12.453698297072606
732, -10.572267789691978
733, -4.149301202893184
734, 7.254841706220304
735, 23.420163109454734
736, 28.034487265258576
737, 17.580013284155484
738, 4.030311580130274
739, -8.201029181598187
740, -13.738398626763228
741, -11.48510409443179
742, -3.0975618107308946
743, 11.100177700660424
744, 25.895861850565325
745, 37.760403081427285
746, 40.01423383367592
747, 31.561831090923533
748, 17.445580651231467
749, 0.07517257408153455
750, -10.347861697029202
751, -12.661304067485162
752, -7.820068471726245
753, 3.2996808090406375
754, 12.971447056471334
755, 18.210600652493213
756, 13.037338426595852
757, -0.9428001537380624
758, -6.62730753872529
759, -3.158736310779659
760, 0.6081623956151816
761, 3.6169974919580454
762, 6.460517827678814
763, 8.631806640566992
764, 9.200769507790937
765, 8.583466852996025
766, 9.232524643246506
767, 10.10062667417742
768, 5.608719100272083
769, -1.2419412656518034
770, 0.39479613979756323
771, 11.016540066560083
772, 29.00225793678146
773, 46.84109878001891
774, 45.19865291661608
775, 27.55439502039053
776, 7.7144815842762
777, -7.300557496029342
778, -5.1716493260296375
779, 8.685007296901858
780, 21.135592951807666
781, 27.600156367389445
782, 21.62540108564599
783, 8.302376394488874
784, -1.844312212157547
785, -4.882331395882375
786, 6.587388723287859
787, 20.397898412216364
788, 16.679051714323577
789, 9.040582939250271
790, 15.584844528601025
791, 29.339019110911977
792, 40.44233204878765
793, 46.33127862961646
794, 44.62904968471457
795, 33.145299873661315
796, 10.281575190705098
797, -7.008770697507316
798, -9.72267331750345
799, -5.542883700990842
800, 1.4285395388556026
801, 5.431080546205521
802, 3.8936506542991083
803, 3.6907310164497176
804, 8.137829428685563
805, 23.02271312721723
806, 47.683418881185844
807, 57.6986674714276
808, 46.74216892497907
809, 28.687032708734932
810, 8.425638599644572
811, -3.1952254145503503
812, -4.3569876670203485
813, 9.89391870635609
814, 36.32020633984803
815, 44.00977925624011
816, 32.74994507600877
817, 21.027317141436015
818, 11.885004387430854
819, 9.661979863548822
820, 12.37868064958002
821, 12.991654318650035
822, 9.005135077244177
823, -4.7145062247332135
824, -20.088481986069382
825, -20.947403442212362
826, -10.000941870061979
827, 8.705990798499442
828, 24.48622518589309
829, 21.927053461146897
830, 10.627201008566317
831, 0.7756961924669667
832, -4.494126364515978
833, -3.2180073875038033
834, 1.901972490870321
835, 9.352138398413445
836, 11.917353487882338
837, 6.403849049391283
838, 4.546028987514546
839, 10.560237223721742
840, 21.56093219739796
841, 34.17070170519219
842, 36.48732666403248
843, 26.29976144417651
844, 10.397436061574354
845, -6.63830051096329
846, -14.480338806137297
847, -11.870892860012646
848, 2.2387270549979803
849, 22.239936979052345
850, 24.48944575175028
851, 13.582780793021811
852, 5.973876926637331
853, 1.9407818601680447
854, -1.1805672608652458
855, -0.6678505891854911
856, 8.238552777902896
857, 18.392582343164577
858, 19.725052361406597
859, 21.323434254740278
860, 30.693964889945164
861, 34.066464361864746
862, 23.09511960401551
863, 9.132831189611352
864, -1.0446041834438802
865, -0.9960387717997037
866, 9.92600873717356
867, 9.657165010024528
868, -4.782926464605225
869, -11.708586946392643
870, -9.480277787071373
871, -8.715256314122144
872, -7.5371093567964635
873, 6.749414114829506
874, 26.24251529712228
875, 20.99626191742118
876, 4.0912508936567065
877, 6.342599843112566
878, 18.103880533384654
879, 22.51613585459063
880, 25.5945055670245
881, 33.92474589548692
882, 37.78268852137899
883, 30.0250481223552
884, 19.288653303086903
885, 10.153422597559711
886, 1.5528712238615299
887, -7.528493190660811
888, -10.419735985759871
889, -5.326774677279445
890, 7.814292375296191
891, 27.712666596445615
892, 41.2272625780347
893, 46.20702283764558
894, 40.9691715683025
895, 27.847731016910984
896, 12.876211350620906
897, 0.4314977580929735
898, -5.873403793003035
899, -7.008251439099695
900, -3.590631673620919
901, 5.031113706540054
902, 19.795008402584244
903, 31.846748782753366
904, 36.49692694233681
905, 32.0955193167747
906, 18.835939831411906
907, 5.358992307647895
908, -4.694626589201107
909, -7.145097626780171
910, -3.1720892638563782
911, -0.2316661408794971
912, 1.6255012249298488
913, 4.122786918987913
914, 11.257577500868592
915, 30.923264289809595
916, 48.65133012196111
917, 46.541629728199496
918, 31.313917309989847
919, 9.073066879102043
920, -4.282937260430572
921, -1.88454975329023
922, 11.295306957097637
923, 32.24535999702357
924, 36.875788950842434
925, 22.19058659696975
926, 4.7817588943808005
927, -9.069019379372094
928, -9.092761858631093
929, 0.014772113583148894
930, 4.776298050998776
931, 7.183478368542637
932, 11.05360420761599
933, 18.428952975245465
934, 29.79929194476972
935, 38.488103645030606
936, 40.2084498756476
937, 36.68852608463385
938, 29.23954187085201
939, 24.201040218325943
940, 22.833898947455054
941, 22.136023228250906
942, 19.424220716711716
943, 6.422557393282659
944, -9.912965718075611
945, -13.813444955457271
946, -6.67713357636967
947, 9.407015643634168
948, 26.562054038894075
949, 34.875374913929136
950, 36.144997216342745
951, 31.80322172192382
952, 28.685470215890746
953, 28.3356381096346
954, 22.197336768366768
955, 10.059941954178612
956, 1.642965429103242
957, -0.4651028392686385
958, 10.332236981060305
959, 29.59520363107231
960, 45.00520305586724
961, 47.191189953091
962, 25.977789929955634
963, 5.839478292270087
964, 3.2807009497714716
965, 6.794072132941437
966, 11.261599780173128
967, 7.907351371424738
968, -2.936005855845451
969, -9.198218403949795
970, -9.1575870668471
971, -1.0563090992591242
972, 7.615252381323444
973, 1.0994589701517725
974, -10.728070865385234
975, -17.749879039106418
976, -14.096612294391889
977, 3.8185680460201183
978, 20.07821298570434
979, 27.39539024450187
980, 24.22088003437966
981, 15.107339383942417
982, 23.63449400526588
983, 41.508883272189905
984, 43.80117372697805
985, 34.49530454931573
986, 21.83401840545639
987, 7.804850256418831
988, -4.710476521233886
989, -0.7441445741274038
990, 25.343999386913765
991, 40.587542284883966
992, 38.241882041066674
993, 34.565453204367714
994, 32.657356412517856
995, 34.10267777385525
996, 37.443468531596864
997, 39.74350701038475
998, 37.90345480185715
999, 28.823236603826444
1000, 14.130327503607987
1001, -2.8309912704248745
1002, -9.531443142253465
1003, -4.611119799516473
1004, -3.9624664921975636
1005, -8.311675433795699
1006, -10.837701990103596
1007, -9.052218476859252
1008, 1.3574532683123834
1009, 16.13141017038879
1010, 29.281251102965143
1011, 32.76939326241882
1012, 23.211309254148546
1013, 15.894506738128712
1014, 17.530515903144078
1015, 30.20971680761977
1016, 48.021881083619974
1017, 56.69647139171229
1018, 52.66476371368617
1019, 31.530867154896896
1020, 12.749123758404039
1021, 14.977815886072676
1022, 20.005144671045855
1023, 18.27798503345275
1024, 19.58209627244878
1025, 23.361597389228336
1026, 14.278692445907836
1027, -0.7016048829682404
1028, 1.601184978173933
1029, 9.209974521786535
1030, 3.5471024143907925
1031, -4.190706178151231
1032, -7.3800821703712245
1033, -10.237964106119762
1034, -13.747725089742744
1035, -13.074116044681432
1036, -7.104667725916897
1037, 4.927240058106236
1038, 18.127609936318095
1039, 20.8333976258823
1040, 16.138626304807076
1041, 7.226244129131828
1042, -1.8372337518635504
1043, -8.517355028286602
1044, -5.922872780950911
1045, 4.56666035927492
1046, 8.830278047781576
1047, 4.618756034460603
1048, -9.366012810556185
1049, -23.20896493989767
1050, -26.42415434755003
1051, -22.81538819530715
1052, -14.213248903897238
1053, -3.299699040464475
1054, 7.699343827411212
1055, 8.031319942542723
1056, 0.3060141220294099
1057, -5.890757238900733
1058, -12.505886587094665
1059, -22.068342201111136
1060, -26.61164045986243
1061, -22.18440101428314
1062, -15.20013609960597
1063, -8.341861033781242
1064, -7.821545592804796
1065, -8.47403655620792
1066, 3.7032495150056093
1067, 31.896552124692334
1068, 80.35837586094976
1069, 147.2452084083311
1070, 233.2492582354862
1071, 299.03311009862955
1072, 343.172438868025
1073, 387.5883386314904
1074, 436.8623373552382
1075, 495.3001872775394
1076, 545.3973133620766
1077, 569.809144395208
1078, 571.0189366470645
1079, 552.0424988178229
1080, 528.2430815080133
1081, 499.867839649437
1082, 455.56509846236077
1083, 396.11860747886703
1084, 324.64600802177074
1085, 243.66527606737418
1086, 156.01660940635065
1087, 93.69567069554114
1088, 54.26624622987265
1089, 20.471832251594606
1090, -8.23058930403431
1091, -20.940860123232596
1092, -23.217014001170355
1093, -21.845636650886718
1094, -23.539308106357566
1095, -30.874206733214123
1096, -30.124784326660574
1097, -21.578748721313787
1098, -21.29419252919388
1099, -25.197552312557946
1100, -22.646108674573952
1101, -19.183733349507293
1102, -18.80664328515195
1103, -9.826666777494665
1104, 9.753133458074444
1105, 21.650629881431087
1106, 22.045375462468655
1107, 9.231348327022715
1108, -5.7246484783436244
1109, -10.389120120872576
1110, -4.555598074153295
1111, 10.539829230810483
1112, 17.445725131392464
1113, 13.555862502155833
1114, 3.631690261928725
1115, -3.507840451678476
1116, 3.508251807259512
1117, 13.159302225808005
1118, 16.615774652038
1119, 6.280133326160922
1120, -13.316765536641924
1121, -15.660856384567069
1122, -6.773339298774317
1123, -2.051076332318189
1124, -2.187556859812503
1125, -7.202066568524515
1126, -8.660636738328321
1127, -4.877706095055146
1128, -0.9350258046792987
1129, 2.635938527304461
1130, 5.774200862685575
1131, 6.0802773352511394
1132, 3.109833338405224
1133, 9.983936101340078
1134, 27.25232691397241
1135, 27.019499609223658
1136, 16.70767882914788
1137, 23.494367502853947
1138, 31.27715016940283
1139, 27.16721192227942
1140, 32.386915390804916
1141, 49.3866385872534
1142, 47.41457319559413
1143, 31.586478241956684
1144, 24.038525747465428
1145, 25.69056164669246
1146, 31.69137253408553
1147, 35.90791550712538
1148, 36.202931481383075
1149, 33.32379050112468
1150, 25.918749356620083
1151, 10.867055380277634
1152, 0.27364210510677367
1153, 1.3185237857974244
1154, -3.594412277320771
1155, -15.955774653712524
1156, -12.852593332104334
1157, -0.9885368010395723
1158, 1.2923248300426167
1159, -0.9508839355708005
1160, -3.963477614871863
1161, -7.32336673070904
1162, -9.711414720918583
1163, -5.553936668189635
1164, 0.06444087278487132
1165, -2.073826224925142
1166, -1.135034374417046
1167, 8.490377183536111
1168, 14.94333921390853
1169, 15.274115655985497
1170, 9.359577507158974
1171, 0.4430748312338437
1172, -6.939375683028629
1173, -3.2142495956891253
1174, 12.83073913404587
1175, 14.484304839176275
1176, 4.0508952858058365
1177, -0.08427051767557714
1178, 7.371836621352031
1179, 30.32955003036068
1180, 45.79724350285642
1181, 46.16132309193108
1182, 32.60083538846311
1183, 13.328476887665147
1184, 4.01603691457376
1185, 4.465445177958827
1186, 12.934099733479343
1187, 9.58917260780754
1188, -2.896959945164781
1189, -1.5667062560937666
1190, 5.074881040170112
1191, 5.657675349356396
1192, 3.2725015167875426
1193, -0.47372458317613564
1194, -7.392499529773886
1195, -10.607897965543998
1196, 5.267637892971834
1197, 22.29858904642515
1198, 26.885355468079524
1199, 31.955652478175125
1200, 38.20517068991785
1201, 36.48262205877063
1202, 37.442370574153756
1203, 53.99668082407743
1204, 61.924121106951134
1205, 54.24172729219026
1206, 49.30772489068568
1207, 43.982341118634395
1208, 26.991182994446262
1209, 14.791055053421587
1210, 17.90843149363718
1211, 15.830706064887636
1212, 8.14186424970012
1213, 7.9154244500223285
1214, 5.4675456028862754
1215, -8.793037124140483
1216, -11.174433740579389
1217, 0.6683350222383524
1218, -0.13968128001215518
1219, -1.0638124014435562
1220, 21.431583591909202
1221, 31.843115911772657
1222, 17.341700500634488
1223, 14.177837056421595
1224, 19.710386026282322
1225, 14.18488384207285
1226, 2.2554738320418437
1227, -11.349760991082803
1228, -21.58805346213012
1229, -25.086065843448978
1230, -13.982081127494894
1231, 0.7829788270232712
1232, 7.825794295407377
1233, 1.986798510331937
1234, -11.84874348111316
1235, -10.268991300376456
1236, 0.23782595819466223
1237, 8.289779048605851
1238, 6.565965113469247
1239, -2.5940060935954534
1240, 3.9228878222347703
1241, 20.306172631775098
1242, 29.821984348335263
1243, 37.88347889499755
1244, 45.33960052760449
1245, 38.3409513161223
1246, 25.182777254958637
1247, 30.230734329571533
1248, 36.45508007301896
1249, 35.416299625525426
1250, 37.5510705097804
1251, 43.07577840482054
1252, 47.13174652209409
1253, 48.147956805562444
1254, 45.48456127517784
1255, 42.79202769712629
1256, 38.775325424053335
1257, 27.419539691405134
1258, 24.429716155602364
1259, 38.917011200091565
1260, 46.01289494287812
1261, 44.15958752153847
1262, 47.44323146090073
1263, 47.06270537782075
1264, 35.115976211158795
1265, 28.233818186004555
1266, 32.04114190433984
1267, 39.8874135348633
1268, 46.14709799338516
1269, 49.12904009795784
1270, 51.62619827391609
1271, 54.25240602038639
1272, 56.14391201109811
1273, 57.69664166696202
1274, 59.42078243493097
1275, 61.735501199913415
1276, 62.35592601684493
1277, 53.24922896546559
1278, 40.800942805551585
1279, 31.453856147736587
1280, 16.04235952470026
1281, 2.2615302607182457
1282, 17.37419030028059
1283, 34.915833335865045
1284, 26.512141897593665
1285, 21.67441462555007
1286, 25.174874196676228
1287, 25.475301030021228
1288, 21.76648898773874
1289, 13.801553034661765
1290, -0.7300422278951828
1291, -16.127857460983932
1292, -16.54830727920239
1293, -3.7570753631775915
1294, 17.942486706556338
1295, 18.26867629680487
1296, 3.5515867616079504
1297, 6.365821894748024
1298, 13.43349034539142
1299, 13.09085015740493
1300, -1.4319165606680144
1301, -18.219196429683052
1302, -11.969499697559968
1303, 5.592754311730005
1304, 26.31083783448571
1305, 35.1107287707639
1306, 27.531636747671428
1307, 1.3124754939476588
1308, -6.966084872715555
1309, 9.667571568201083
1310, 11.17050480192438
1311, 1.788420114035489
1312, -5.879274137508446
1313, -8.152556499301454
1314, -4.138914444543161
1315, 4.921301383674745
1316, 12.776287233059975
1317, 12.651979955271827
1318, 11.151582710372622
1319, 9.124086856204258
1320, 4.025237214852041
1321, -3.0229444901283387
1322, -10.79103128667657
1323, -10.444536604723226
1324, -2.4464421100299205
1325, 9.162693889084267
1326, 17.307596514661554
1327, 17.298884875855038
1328, 4.1445389260047705
1329, -6.286039126329115
1330, 5.514962555578222
1331, 20.22120682760942
1332, 29.828807970020534
1333, 34.03508551810364
1334, 29.147658472874355
1335, 13.364142395923636
1336, -0.2712731403810267
1337, -8.79212746944495
1338, -13.293308140549243
1339, -11.304669136105531
1340, -1.9976539397191573
1341, 9.919035044211569
1342, 16.853635898661196
1343, 9.708946566431678
1344, 4.020965140090084
1345, 3.0065547415204037
1346, -3.1225259573132007
1347, -5.353774172452404
1348, 2.705791968886615
1349, 2.692581146965267
1350, -0.9101860134096569
1351, 9.00593415936578
1352, 12.591539712668464
1353, 3.2924514065000494
1354, -0.7158589185473829
1355, -2.7730085661621615
1356, -7.395849824480138
1357, 8.143642933270712
1358, 37.24498095539161
1359, 39.27024458928031
1360, 25.52827342109549
1361, 7.3658567502857295
1362, 0.8930416972182229
1363, 7.565852230486598
1364, 25.971814871199967
1365, 30.083399048486854
1366, 16.374202841545184
1367, 2.5002628566387557
1368, -2.1322719765653346
1369, 5.9326054251093865
1370, 13.040793022997605
1371, 18.235726720817638
1372, 25.151235541022288
1373, 25.869922604373414
1374, 18.777543292611426
1375, 9.22927528769219
1376, 4.741064870673881
1377, 10.31220006301146
1378, 29.640814609714198
1379, 50.94599525099352
1380, 54.387330733630506
1381, 33.9437899033278
1382, 1.360801922100336
1383, 3.858437146050619
1384, 16.49239733229365
1385, 18.167732606170375
1386, 24.696329852437202
1387, 26.386014666104302
1388, 5.087872298832281
1389, 4.174523347527156
1390, 23.0162298540929
1391, 10.855133466956204
1392, -5.906960439133172
1393, -8.631012448574893
1394, -7.717350240055794
1395, -4.562574141682262
1396, 0.8769892974235063
1397, 2.282807438404234
1398, -1.1373639724872646
1399, -6.371736279688321
1400, -0.41499597759116114
1401, 18.562727938531225
1402, 21.29029372888499
1403, 14.82105790956598
1404, 10.116891541585119
1405, 3.494259116061812
1406, -1.218329997223691
1407, 3.3877434384774006
1408, 5.352920390903819
1409, 3.863866434131978
1410, 13.16686150133728
1411, 18.316391327747397
1412, 9.481431171212762
1413, -3.055643307287937
1414, -9.283617963575352
1415, 0.9370197327675669
1416, 20.868167544498874
1417, 38.37629269653439
1418, 32.00065164117359
1419, 14.47231465904747
1420, -2.5264347373361034
1421, -0.18347022415241554
1422, 11.176154475808062
1423, 21.966958027214105
1424, 25.704484998246244
1425, 24.03490122230346
1426, 20.78284905827968
1427, 19.49000551339668
1428, 16.275861814165182
1429, 1.27760255134217
1430, -0.3245979321065988
1431, 13.443630543077006
1432, 9.867148039350695
1433, 2.528996457993344
1434, 0.9815003106696167
1435, -8.64099129506144
1436, -7.893540480470165
1437, 23.11066130585914
1438, 36.27817993575104
1439, 28.19079598382268
1440, 14.812764090169821
1441, 6.868641816875879
1442, 5.3425610841179605
1443, 0.6327531463680316
1444, -2.339335914278763
1445, -0.8053115489860829
1446, 4.680893995090173
1447, 19.146407524797723
1448, 41.62920516978579
1449, 46.7835885963018
1450, 34.40620426233045
1451, 10.879153352950198
1452, -9.33788985432102
1453, -19.875626823122275
1454, -13.598979673763324
1455, -3.5444504471120126
1456, 5.196449107880198
1457, 10.380479963162315
1458, 7.342138395586517
1459, -0.49686410890990373
1460, 5.32031251520516
1461, 11.721484208582751
1462, 9.879021743995736
1463, 9.640296783275971
1464, 7.3676270031510285
1465, -0.1809143127563857
1466, -3.471405873686763
1467, 0.49371290668614165
1468, 12.839443646925929
1469, 20.88001568281902
1470, 18.623009654273574
1471, 2.683105078927838
1472, -4.818022408082243
1473, -0.8090052137356452
1474, 7.231585782016737
1475, 20.525103478697247
1476, 33.33663061572656
1477, 30.505844769889563
1478, 23.275714315791447
1479, 17.517569186450828
1480, 10.341188069518466
1481, 9.491429366997636
1482, 17.380561632118997
1483, 22.330980912377754
1484, 18.0665811413719
1485, 2.7523847988968555
1486, -9.120948013634006
1487, -10.255273455956285
1488, 3.4016773366581674
1489, 14.367855494267133
1490, 14.253784684363154
1491, -0.12484201763822966
1492, -5.73628634152783
1493, -1.564909775636579
1494, 5.53741221537075
1495, 6.19893552384201
1496, 0.21259513330278423
1497, -6.274112114345826
1498, 7.350057016531537
1499, 32.61314793434872
1500, 32.82368424657125
1501, 19.763407233283488
1502, 3.435557937635849
1503, -3.6512148969075042
1504, -2.812269997343037
1505, 3.1353674496599524
1506, 8.138301500457601
1507, 9.55396034517753
1508, 9.510015388239026
1509, 17.03630220331911
1510, 17.89163249068497
1511, 7.3892742554046436
1512, -3.4800778096775957
1513, -7.424509416145156
1514, -2.9992020321344626
1515, 2.742642933943671
1516, 8.659964474659546
1517, 11.006314203838883
1518, -0.7841681556801632
1519, -6.051665087761194
1520, 2.971163788376316
1521, 3.285932342299702
1522, 7.417921236654365
1523, 21.01305333889559
1524, 22.58617077697886
1525, 20.220744921490677
1526, 18.706782440813413
1527, 7.696816116598484
1528, 7.348294182150539
1529, 22.953405707457932
1530, 14.439475734323423
1531, -3.2688515892825762
1532, -14.115944614522732
1533, -8.062092255510834
1534, 12.409348486633462
1535, 36.849149537991025
1536, 31.557504951173996
1537, 13.794897594538043
1538, -0.08453437872594805
1539, -1.455423326431628
1540, -2.851062846374816
1541, -6.858205370587939
1542, 8.816333115568796
1543, 20.994838221189866
1544, 17.131876689941237
1545, 8.949914635828918
1546, -1.3440354804624803
1547, -8.704355264775131
1548, 0.2505078671329102
1549, 6.338096612320896
1550, 1.6393608342434618
1551, -4.231639328681467
1552, -6.1407312039305
1553, -3.586536439749125
1554, -1.0096233552608282
1555, -1.2327263484082778
1556, -4.716536855799859
1557, -9.532579132799583
1558, -7.25865977737476
1559, -4.053037124540651
1560, -18.383653285247192
1561, -34.07347001903531
1562, -40.79252726299069
1563, -29.867704130358106
1564, -15.777852196192725
1565, -6.4861303716259044
1566, -7.060933909648156
1567, -3.48313575776956
1568, 8.349224212554645
1569, 25.833814718838084
1570, 20.576138188402183
1571, 18.541621611229402
1572, 50.93041422002261
1573, 111.7425772697411
1574, 186.8252139761728
1575, 247.9454478700311
1576, 288.0180822283105
1577, 325.32549323189323
1578, 370.390599732945
1579, 416.16884725643035
1580, 445.8118322855503
1581, 460.0296925307314
1582, 481.97534814571213
1583, 476.3116367357384
1584, 438.59679491319366
1585, 390.2661074975895
1586, 321.1734477548546
1587, 253.2377089705958
1588, 220.9617299409822
1589, 162.68977223436696
1590, 90.15341479539893
1591, 43.834130270544165
1592, 13.197349619987335
1593, -3.4765738798982966
1594, -8.038830820680005
1595, -11.154818911505345
1596, -14.86883162293202
1597, -16.353906930585254
1598, -5.496932306130475
1599, -13.379585672799521
1600, -33.64634521474795
1601, -18.4153857220615
1602, -1.231171476002146
1603, 6.956686922694416
1604, 5.621533690416527
1605, -6.330156613308191
1606, -12.461618631540887
1607, 0.21862146942044092
1608, -2.316411085755135
1609, -10.808288783308626
1610, -12.510365793239998
1611, 0.2070264037445213
1612, 19.188720218799972
1613, 29.46612201978337
1614, 9.051053046614243
1615, -0.2235105498834855
1616, 10.56328570601704
1617, 31.483163823133737
1618, 37.92926531333069
1619, 23.079090746282645
1620, -5.810503912933882
1621, -3.8487830139360995
1622, 11.342273148643017
1623, 22.653378536392665
1624, 22.83319477200098
1625, 20.679814011066583
1626, 20.446002870931352
1627, 21.841603547146633
1628, 17.583813024405572
1629, 7.9401555967610875
1630, -0.6884853333865522
1631, 6.486060980834509
1632, 17.181945893815055
1633, 17.13118254441929
1634, 1.6722681873395686
1635, 1.493236925223755
1636, 17.595107955164394
1637, 21.655565184286388
1638, 26.078041659330665
1639, 22.806928288226345
1640, 5.144202760634698
1641, 23.549673813093705
1642, 34.152271299621134
1643, 12.258339676289097
1644, -0.7061189229345928
1645, -7.647636504965931
1646, -11.74999274647007
1647, -13.301227912936156
1648, -12.928945996454786
1649, -5.10869670144848
1650, 11.834965859677595
##END=



