##NAMES=
##LOCALITY=
##RRUFFID=
##CHEMISTRY=
320, 23.767616911067307
321, 8.541673307967358
322, -6.7377083785586365
323, -13.844851486234802
324, -15.338897619704767
325, -14.611356351788345
326, -12.183488084070632
327, -9.869970161405945
328, -7.720243592017141
329, -6.26878960785416
330, -5.500599875871558
331, -2.563961699365791
332, 4.357758622942129
333, 12.638470761718054
334, 17.642693292010335
335, 18.366408340916678
336, 12.081943630193564
337, 0.8293132757053172
338, -1.6950255320762153
339, 5.995956500014472
340, 13.20809747281146
341, 14.976802093652623
342, 14.485004893482255
343, 14.351691803247377
344, 13.667277805920094
345, 10.74760061244342
346, 6.693125239260553
347, 6.624684646520109
348, 10.313370215832038
349, 10.799647083014861
350, 6.7255741535382185
351, 6.123769791608538
352, 12.726379285200892
353, 19.49930968830995
354, 19.172000819524328
355, 13.353568446213103
356, 5.920371603358035
357, -1.4417242502067893
358, -4.796558140395064
359, -3.976626971508267
360, -0.7869973263304928
361, 4.474834023493713
362, 9.42168022212536
363, 11.775372117073857
364, 13.192372134873949
365, 15.9403568831749
366, 19.5611018291047
367, 22.73707949722757
368, 24.47737805737688
369, 19.425302335774177
370, 7.56590591172062
371, 3.0645102264588786
372, 9.997278522639135
373, 19.996082421311257
374, 25.81492407958376
375, 29.100887069598684
376, 32.27607732443994
377, 34.93650905924551
378, 35.83682536460947
379, 34.6651281191389
380, 30.02146207106125
381, 21.769690952027304
382, 11.467586497051343
383, 0.8235632862970306
384, -8.506997756478086
385, -15.617232839751523
386, -17.708036403842016
387, -10.027124702052788
388, 2.047704225560665
389, 2.6698031803462072
390, -7.007053538380205
391, -14.764859316823276
392, -19.40162946739838
393, -21.271570164075456
394, -20.489616664878668
395, -14.543890386719795
396, -1.3859903226848473
397, 9.647067714508012
398, 5.8018666574216695
399, -7.614067782809798
400, -18.878285287112703
401, -27.322122659431443
402, -28.041867515466038
403, -21.308290155981922
404, -15.05897965103486
405, -10.768419045215524
406, -6.0600810244941385
407, 0.4611144152495399
408, 11.166818580284598
409, 28.693959797083153
410, 53.47331230916279
411, 85.61871186155713
412, 116.57658726298541
413, 135.9189258886654
414, 146.00911277016803
415, 181.96708150875838
416, 231.8232813184777
417, 279.7753378990619
418, 320.44529663671983
419, 352.9867610848214
420, 376.8734798685773
421, 393.10042949892977
422, 402.86376995580395
423, 408.4268121650857
424, 414.811696123671
425, 419.8944282861348
426, 414.3625923584332
427, 397.1946999955708
428, 368.0797287354517
429, 327.58526926720606
430, 288.4581477766242
431, 255.67411763500968
432, 226.9784788500683
433, 200.78691819815322
434, 174.97360077799476
435, 146.71326122764185
436, 115.70201336294485
437, 81.25101295393142
438, 51.98841232761697
439, 27.234421468964683
440, 5.722295938895513
441, -6.932673225051076
442, -10.494595433568975
443, -9.217344429364857
444, -4.455059459959557
445, 7.659505867989537
446, 30.639998804836978
447, 56.17786266546591
448, 67.9793016370013
449, 72.40183500317107
450, 83.4190500936611
451, 98.06958084725284
452, 103.36723934294514
453, 99.1127592775374
454, 92.45882775516475
455, 84.37252520366656
456, 69.19573177999428
457, 45.346497997980805
458, 27.730170286942666
459, 27.485455712185285
460, 31.609608719275457
461, 24.585280364636674
462, 10.09446855178976
463, -4.49922225211867
464, -18.34698918232516
465, -26.489750618458856
466, -28.808416466989
467, -22.89052199006892
468, -9.637678813644015
469, -4.641492047903739
470, -10.914667595486208
471, -17.22481545892697
472, -19.47771351339088
473, -21.252709438163038
474, -24.95280461604034
475, -25.97513172649269
476, -18.71404527867344
477, -8.515151246007008
478, -6.023477897228986
479, -7.44974340688259
480, -1.0073716955057535
481, 13.518976739307618
482, 30.916770584954975
483, 48.86419057985586
484, 67.20423400556956
485, 85.34898030777731
486, 91.97007887679501
487, 82.64848038530818
488, 63.515413678108416
489, 38.468959400624954
490, 15.569817698297811
491, 4.918831406865138
492, 2.0306100231291566
493, 0.6793602165571428
494, 0.1548712020030507
495, -0.8797462231996178
496, -2.488645190319403
497, -4.341167039037828
498, -6.356331275917
499, -7.208357294806774
500, -6.878479488806079
501, -8.12836664549286
502, -11.97701364655586
503, -18.825544491110122
504, -29.325785323266246
505, -33.12469207703907
506, -21.73291483058074
507, -3.0795988011313966
508, 13.241129677341632
509, 30.54103253691028
510, 53.92410164122157
511, 83.65941779212244
512, 107.87803737606555
513, 128.55707156743665
514, 156.89748102239082
515, 191.52644089237037
516, 211.46899404547094
517, 213.24030652890178
518, 208.26010883494473
519, 200.30708283240256
520, 194.36944492031125
521, 192.79765035442233
522, 192.05619963014396
523, 189.60620302161806
524, 180.9691795108729
525, 161.12074653826494
526, 132.88454959647243
527, 101.08721427417913
528, 68.59344571381098
529, 49.29379958532354
530, 41.963799433247004
531, 47.21843500812065
532, 64.5537707169533
533, 89.1762108529665
534, 112.88444333749703
535, 129.1681040998992
536, 136.9079718168423
537, 143.21472230662312
538, 150.63945006272115
539, 161.29966125414194
540, 176.23383104115146
541, 189.05864596810716
542, 195.059530903638
543, 198.0252546278225
544, 202.15535786900637
545, 207.40302921719376
546, 213.68771969937734
547, 216.70181126082207
548, 206.4594975054015
549, 187.3258515225807
550, 174.98477754208852
551, 169.3220076874204
552, 163.9923016246412
553, 158.05624598798113
554, 150.6434228160606
555, 140.76113952001197
556, 119.28425895141845
557, 84.40415630915959
558, 50.226213306224054
559, 27.224465010591302
560, 12.400082561749514
561, 3.883105619143862
562, -1.1072533327787824
563, -4.520687508127594
564, -3.169914706973941
565, 6.886770859776334
566, 16.76438826491085
567, 10.743262452484487
568, -2.9275495460979073
569, -7.009483027367423
570, -5.2879137416366575
571, -8.712786496518675
572, -15.112259570619244
573, -12.796727284381632
574, -3.352852304620683
575, -2.103971700670627
576, -9.808835540184191
577, -15.667535294436675
578, -17.905766448657232
579, -17.237690005085824
580, -13.866880184978072
581, -9.929720103065847
582, -5.949603892831874
583, -0.8932339739985764
584, 6.009431099137146
585, 9.31787145290673
586, 5.351458116924732
587, 1.4171976191300928
588, 4.2144790066740825
589, 6.322841777709073
590, -1.1512752795479173
591, -10.09119991398802
592, -8.014696557708703
593, 0.4573355749798793
594, 5.575249207196066
595, 9.393097796177244
596, 16.50858946749304
597, 24.790063288435704
598, 25.655037883715522
599, 20.01296021629514
600, 15.521842617024049
601, 12.284733439124466
602, 5.114924843523113
603, -5.077219796985446
604, -8.818181359777554
605, -5.114235177609771
606, -4.652398753592024
607, -10.043885547636819
608, -13.395391244792336
609, -12.069093847154363
610, -7.892180653131618
611, -1.4305526376638227
612, 2.869601039110421
613, 2.2648278749875317
614, -0.7286670911562396
615, -4.7686856213140345
616, -10.49079642578181
617, -18.679070428226623
618, -17.059111103641953
619, 9.762939487609401
620, 42.90105780019621
621, 49.88229948246408
622, 41.69785426827184
623, 38.64075086491448
624, 36.77066955901137
625, 26.483595389307993
626, 11.54520956104534
627, 4.155304466355119
628, 4.208624208357833
629, 11.794566101730197
630, 24.756609002303776
631, 30.32099389251016
632, 29.575166524547058
633, 33.57370642540991
634, 40.41111698900659
635, 30.060801241632362
636, 3.379801056906217
637, -8.5757552153691
638, -3.01473526823429
639, 0.017725404260090727
640, -3.042625706436411
641, 1.2278136857466961
642, 16.156970776893104
643, 24.559286340470862
644, 20.965008969188602
645, 13.751910972910082
646, 6.406199495024339
647, 2.810608055699049
648, 4.112027335468156
649, 9.323196950540478
650, 18.332497052671897
651, 28.687474969196955
652, 39.381806447891904
653, 44.1419281248227
654, 38.29246384165344
655, 28.201570655300202
656, 19.414493726153523
657, 12.03012639883218
658, 7.352479889072129
659, 4.996111993660634
660, 4.82272523996653
661, 8.52859603059369
662, 18.819100642011108
663, 28.965050887078178
664, 29.817290503609
665, 23.55902338499618
666, 14.214480955311956
667, 3.2444875160754236
668, -6.285565869808124
669, -10.753653057654446
670, -0.6401521859515924
671, 18.253089222820563
672, 28.284483522966184
673, 29.021290688834597
674, 21.52567565690879
675, 7.631775780113458
676, -6.5250345496460795
677, -18.931180788146776
678, -20.601011457405548
679, -13.778785842684556
680, -8.426012588747653
681, -2.806123547921743
682, 12.450576489983177
683, 34.945702076167436
684, 42.047507689583654
685, 34.32412965389722
686, 26.667848252409385
687, 21.195482529103174
688, 18.752531885599637
689, 21.661186093992
690, 29.89152987090165
691, 41.07021509589413
692, 38.777112429218505
693, 22.532300397250765
694, 7.849008793023131
695, -1.7030071290237174
696, -7.615256581443646
697, -10.528097624013753
698, -10.288668421768307
699, -7.1681776283539875
700, -4.060839598353596
701, -0.6722644437550116
702, 9.464208882303865
703, 27.386825906930426
704, 38.944406111797434
705, 41.15077735918021
706, 36.52993111408432
707, 26.56484334525976
708, 19.995718114432748
709, 21.22681861089677
710, 31.24415933203909
711, 47.33142022766333
712, 59.992860236106935
713, 66.15956710225782
714, 61.3280225167955
715, 44.89640754180073
716, 25.53179518062734
717, 6.556615230716488
718, -1.9040387698951236
719, 1.1563014860930707
720, 3.1658126079610156
721, 0.8706048745752923
722, 0.2836036993357993
723, 3.0941263517825064
724, 7.281223615730596
725, 12.817834411337572
726, 22.47986030953416
727, 36.17102076939864
728, 38.45963884662524
729, 25.406529701334875
730, 7.630393958681452
731, -10.221316890623712
732, -21.929704164957002
733, -26.038687363550707
734, -20.385375050732364
735, -5.026118479843717
736, 4.881619322105507
737, 5.764756219289666
738, 1.3420048316802422
739, -6.604328148035165
740, -5.684409631621747
741, 7.0251630306102015
742, 24.065064596766206
743, 42.28012738362304
744, 60.58901985115426
745, 76.51938426144716
746, 69.22748762725132
747, 37.381082620187044
748, 15.3946956583668
749, 10.378806536315096
750, 0.04628781910741964
751, -18.37499815076626
752, -21.79860664035914
753, -8.505379522066505
754, -0.9989742044353989
755, -1.9232997134768084
756, -1.9103117885142638
757, -0.14063693459775095
758, -2.4858919369280557
759, -8.630731891536016
760, -9.829833036867058
761, -4.953547956853981
762, 5.073333685045327
763, 18.681204510205134
764, 23.69874914151842
765, 21.19853274826528
766, 25.29450753592937
767, 37.081757259169535
768, 50.80155555719921
769, 64.44350398724237
770, 71.73826333794659
771, 73.9891323053198
772, 77.76760196405576
773, 82.61199030220541
774, 85.34879746037768
775, 81.95652487125517
776, 61.697979262144145
777, 30.06641984991893
778, 5.774828627196257
779, -7.056091662990184
780, 3.5376496954040704
781, 27.590942069494304
782, 40.97463710514876
783, 43.18771198633749
784, 34.624695362869716
785, 20.95135267963542
786, 11.364168203564986
787, 8.335844293770606
788, 13.291216697205527
789, 15.609799492444836
790, 3.0417079305925654
791, -8.008715274821043
792, -1.2071695094009556
793, 15.450513649031564
794, 34.00799706116777
795, 42.21432156408355
796, 30.49830856180415
797, 16.01631281068694
798, 10.32572082004208
799, 6.046462108936794
800, -1.8665887281495088
801, -2.6316594434756553
802, 8.691016933330502
803, 12.118838269500884
804, 0.15719484524561267
805, -4.769645506764391
806, 4.107111325814003
807, 14.112521146421386
808, 22.12626492768777
809, 28.144032764333133
810, 33.10532705040441
811, 41.66132728624871
812, 52.8570076652295
813, 53.62076710612655
814, 43.72113996555345
815, 34.68923093439844
816, 26.54194480021306
817, 11.869779369320895
818, -3.9858678681812307
819, -4.483515197523957
820, 5.0707643290434135
821, 5.1167933284395986
822, -0.5338212810884215
823, 0.2409797836562575
824, 6.3460027276451
825, 14.855302266757462
826, 20.861443778422654
827, 17.502154152530238
828, 8.368646054755118
829, -1.6399691251372133
830, -12.051004148127504
831, -23.238186166919604
832, -25.43856840427634
833, -10.101344172937843
834, 3.8284144618041864
835, 4.7318660521946185
836, 9.467368854610413
837, 26.353565317611356
838, 33.074259237876504
839, 22.463967570693967
840, 20.68262949791324
841, 36.380681824110525
842, 45.73840242916094
843, 44.38816085844746
844, 42.30324545027679
845, 41.116502329061404
846, 38.59939247901275
847, 33.51911093270974
848, 22.091240349491727
849, 5.640270185014742
850, -9.49652691381425
851, -21.813677503406325
852, -25.98022486324544
853, -18.626430225770036
854, 7.845859462201133
855, 38.98893660056319
856, 47.725018386669944
857, 42.42980924292442
858, 33.01654550310241
859, 22.41562675671412
860, 13.053746754027998
861, 3.2768409260384033
862, -9.473305658547815
863, -17.236890322762974
864, -16.17690260383779
865, -2.7464032339871665
866, 24.7389229606938
867, 59.22162431855622
868, 93.40256646597163
869, 111.57308259183537
870, 112.63367574873018
871, 107.13222702911753
872, 96.31696568914549
873, 79.23534669145374
874, 56.691138247860636
875, 31.17066503791375
876, 10.860551518099328
877, 3.8455034153626
878, 4.456327241103281
879, 4.825402637508432
880, 3.238309114686672
881, -2.2104755028831278
882, -1.8926300933012499
883, 11.637968051685675
884, 28.042409426407175
885, 39.8073553372401
886, 46.761783784075305
887, 49.14065535762029
888, 50.39815100629585
889, 51.5893743473157
890, 53.27577468962363
891, 53.20095136945383
892, 39.73901129463002
893, 14.736750741381456
894, -8.620114149444817
895, -25.68019365376631
896, -23.512530851831798
897, -11.052267634393047
898, -3.976685293191622
899, -0.6738840997986699
900, 0.6293653295301738
901, 4.147307343963803
902, 13.437463676533753
903, 26.501224762647325
904, 40.16080023684481
905, 50.17454999892743
906, 54.88825313814823
907, 54.05899959860335
908, 48.46262899671365
909, 43.497400682919306
910, 38.04514561716951
911, 23.3138499232673
912, 5.437863580302746
913, 5.413405300349041
914, 14.179360139789878
915, 10.873705730018628
916, 4.148064366701874
917, 6.56572981564068
918, 7.839878876085095
919, -1.4554810288618683
920, -6.5531893747656795
921, -0.17059242497543892
922, 6.089989936884194
923, 9.153244601090137
924, 18.754436300894668
925, 34.510682616105896
926, 45.52523223208436
927, 48.471165165623916
928, 37.51068979956699
929, 19.07900286141421
930, 10.505355569671792
931, 7.944237086700014
932, 1.813036099782039
933, -0.016968361785075103
934, 11.045749127697036
935, 18.040012400334035
936, 10.676436697906865
937, 7.731274558360383
938, 16.109306507526526
939, 14.821409046059216
940, 1.935884457004704
941, 0.14779815387282724
942, 6.52159379108798
943, -4.249586035210541
944, -21.552463374473064
945, -14.102119508543183
946, 2.6068126207273963
947, 2.566262213340451
948, 1.3723992081581855
949, 13.736391404495407
950, 19.85118197722477
951, 9.65168315981009
952, 10.167879169880052
953, 28.28147031251956
954, 38.50755217281312
955, 37.64198162382081
956, 37.76204195845048
957, 40.793842326625054
958, 47.623923445658875
959, 58.11144870629596
960, 71.87684386496085
961, 78.48508664885276
962, 66.10055671958617
963, 43.272104039925125
964, 16.336443363245507
965, 0.15035393773814576
966, -1.989393617042424
967, 4.65012668560621
968, 15.542856802506321
969, 9.720584761644659
970, -7.5671421552096945
971, -11.641667966884597
972, -9.610314204098813
973, -17.288057260280766
974, -22.408783392102578
975, -10.847896890747506
976, 1.8325165704936808
977, 6.952842149390108
978, 17.269564377051665
979, 33.73550348041135
980, 31.4360169393085
981, 11.502464151298682
982, 5.286579094416538
983, 11.656558736980514
984, 20.244123407514053
985, 25.187052149891315
986, 20.107994120995045
987, 12.640700803282925
988, 10.758203061215681
989, 15.754948447436618
990, 28.708978288954313
991, 46.197601852846674
992, 64.04463671571284
993, 61.21697014476149
994, 42.59049406695385
995, 34.72977535335349
996, 31.35862171710596
997, 17.052754332479253
998, 1.7942068246261442
999, -7.034634604761777
1000, -9.986376065692639
1001, -6.846806919989376
1002, 7.243846059373482
1003, 32.27158257730662
1004, 49.020066638400294
1005, 53.08271437515077
1006, 40.58270441408331
1007, 20.19781494311428
1008, 9.371034469985261
1009, 1.441604061842554
1010, -12.523571505621021
1011, -16.84300780027752
1012, -3.5761587869824325
1013, 11.970362981849576
1014, 24.00011429126471
1015, 26.922484914773577
1016, 20.950088614303695
1017, 9.737434942324398
1018, 0.05838157743892225
1019, 0.6614971558137768
1020, 7.312647898319483
1021, 16.258245526817973
1022, 16.348033673133614
1023, 4.644380298798751
1024, 3.9582958518767555
1025, 17.13567607034156
1026, 30.822696628501944
1027, 40.1185714995795
1028, 41.832772204497815
1029, 39.609560245612556
1030, 38.724880713641596
1031, 41.2021322972314
1032, 47.51918851731398
1033, 41.433930883725225
1034, 19.916593993839342
1035, 3.709963613533091
1036, -4.04961028919206
1037, -8.353231716983373
1038, -7.851175653024711
1039, 1.4060764696168917
1040, 3.6099116305749703
1041, -15.242062595624702
1042, -22.448431634430108
1043, -6.115179552979043
1044, 2.9596463390353165
1045, 2.6627596924081445
1046, 13.483248877909318
1047, 33.47889866136529
1048, 49.670416839212976
1049, 60.573005121601454
1050, 64.71766302947754
1051, 49.45586446745847
1052, 11.20599528845105
1053, -13.865707607645618
1054, -19.89040858078397
1055, -13.380281701218792
1056, -1.5979115955933594
1057, -0.3133142225951815
1058, -8.397753010690849
1059, -24.33327707547096
1060, -34.281654230278946
1061, -31.511494031087295
1062, -26.31195474062224
1063, -20.258089207341527
1064, -8.525855581874112
1065, 5.330938856805005
1066, 10.340737085698947
1067, 12.07144596838316
1068, 17.038839484624532
1069, 25.25802558274836
1070, 38.13219337926785
1071, 65.60762076341598
1072, 109.49993607784063
1073, 149.3326269955669
1074, 182.35378512750685
1075, 206.15919302572638
1076, 218.9760179566474
1077, 219.35411494672144
1078, 213.88124127225046
1079, 206.65743227855637
1080, 206.33154114459558
1081, 209.58795454138635
1082, 197.630338747118
1083, 171.06270639838704
1084, 133.86725967581697
1085, 94.47906235396749
1086, 59.192840446208265
1087, 30.7408823214505
1088, 6.739352138511549
1089, -5.45998559276677
1090, -7.8045819158505765
1091, -6.923775927004499
1092, -4.390422329939156
1093, -1.6708417752747664
1094, -1.9662297330878573
1095, -6.382582272725813
1096, -6.532397097377725
1097, -2.036573716749899
1098, -0.2598584220927478
1099, -3.5344923165444015
1100, -15.321375293999608
1101, -25.689772108082252
1102, -26.559780945116927
1103, -19.33636790327955
1104, -5.934279882292685
1105, 2.2839188819912124
1106, 5.219577411608043
1107, 6.198590698106273
1108, 9.323616259746814
1109, 19.328965906468966
1110, 33.18214864203537
1111, 48.51530930367608
1112, 54.364291631195556
1113, 48.89942557749828
1114, 34.244084158871374
1115, 19.885356696299823
1116, 21.777258096743935
1117, 24.61762890638647
1118, 20.05211981109096
1119, 9.848942164886921
1120, -3.533841652119463
1121, -17.36446891698415
1122, -24.344732653052688
1123, -10.107472654360208
1124, 11.249271828103247
1125, 29.795761780173507
1126, 43.69746589652914
1127, 52.98577254073325
1128, 58.95412915686393
1129, 60.18841880429545
1130, 53.37255559159212
1131, 38.43274906099259
1132, 15.944111714561586
1133, -2.9109634039373304
1134, -14.777237398082434
1135, -11.505745698172177
1136, 3.588739389910188
1137, 20.770798952985842
1138, 34.63555872209963
1139, 41.11024993490719
1140, 42.88768426434399
1141, 40.24625512681632
1142, 29.10525209166417
1143, 13.683472267171965
1144, 6.28391437528353
1145, 3.8652902770409128
1146, 3.994534983302401
1147, 11.579132829020182
1148, 27.37742527795308
1149, 40.62264737146461
1150, 48.330800389920114
1151, 47.102986407658136
1152, 38.432511998847986
1153, 23.782088234553612
1154, 4.836391665838619
1155, -12.65444153979388
1156, -8.139243859553517
1157, 8.747043182576817
1158, 14.723771543318435
1159, 17.98528855784116
1160, 24.730492529570256
1161, 23.251957099375886
1162, 14.210967747746054
1163, 14.382890808280536
1164, 15.210872179003218
1165, 0.21006339733457935
1166, -9.684533881644256
1167, -3.647793430031925
1168, 9.139850932340778
1169, 24.39628401869504
1170, 30.886417393495776
1171, 28.05228914010695
1172, 16.425070441655407
1173, 3.341510628515607
1174, -6.034268025164238
1175, -3.809143261470581
1176, 3.83151864015872
1177, -2.1979790714412957
1178, -10.556468538989066
1179, -10.121737341834432
1180, -0.32692269308518007
1181, 18.141626623229968
1182, 36.74051800184907
1183, 47.697836197830384
1184, 39.191650224538535
1185, 17.6396844764904
1186, -9.915067232475849
1187, -18.383504554743922
1188, -7.37898789225801
1189, 8.070784446262678
1190, 26.6715524345027
1191, 44.937865039381904
1192, 45.99506704951136
1193, 27.04248597560627
1194, 12.27491381955133
1195, 4.908424216276217
1196, 0.731300529949749
1197, 2.316371318187066
1198, 10.312854388625965
1199, 6.400430606238842
1200, -6.215951350198338
1201, -4.245100968971656
1202, 6.0130026307210755
1203, 15.337219927364004
1204, 26.597885046807278
1205, 37.058635044797484
1206, 35.67658463975749
1207, 31.713074155869435
1208, 49.36687260162853
1209, 67.33346506227417
1210, 73.27299862206473
1211, 67.78574873227626
1212, 55.087026038780095
1213, 47.12455411462042
1214, 42.744268108437154
1215, 39.87975250871068
1216, 37.32825810860595
1217, 32.232382695644446
1218, 14.06129587266787
1219, -2.9133029671261284
1220, 0.853880441673482
1221, 4.748452845919928
1222, -0.3087309884435854
1223, -5.430269270808367
1224, -9.776268498685567
1225, -14.479439962973174
1226, -19.685769291443194
1227, -25.223626782824795
1228, -27.37000822127993
1229, -25.737830955541995
1230, -21.554152751509264
1231, -11.440372054325962
1232, 7.019722198222553
1233, 10.47496323726591
1234, -0.9846920504796799
1235, 4.779146708065127
1236, 16.917000687322343
1237, 15.701007927675164
1238, 6.863827565423435
1239, -5.2852920587156405
1240, -16.37302547207173
1241, -15.79225193592083
1242, 14.298070445820485
1243, 47.52330706949124
1244, 66.70899443257849
1245, 72.54526953374852
1246, 69.10961627997494
1247, 64.50096273304007
1248, 57.46804991809995
1249, 47.38170377556071
1250, 36.857562360239626
1251, 31.841563052410038
1252, 35.959342236159955
1253, 55.41107982719177
1254, 88.35080862794075
1255, 111.24506467954552
1256, 117.60870223629126
1257, 105.67944789525063
1258, 81.31321938773772
1259, 51.903143812907274
1260, 47.91355319906734
1261, 68.11642960882546
1262, 84.02904240099633
1263, 90.01607653623796
1264, 82.79408595539144
1265, 68.86822687240601
1266, 53.69446381714215
1267, 48.572618959377905
1268, 47.629230829612425
1269, 43.72726332704997
1270, 32.03173501189167
1271, 16.00969103880425
1272, 13.827820878726925
1273, 18.66503720296805
1274, 23.48833196869009
1275, 35.30628310537031
1276, 46.70455421064253
1277, 23.727899681698545
1278, -1.2867210771273676
1279, 4.696753021079985
1280, 10.011676686967803
1281, 10.9184929562648
1282, 25.778593399210422
1283, 30.678853034219628
1284, 6.044413793941658
1285, -2.1199923252383996
1286, 11.283547821600678
1287, 25.559614685829274
1288, 37.22265719866755
1289, 44.712648817334866
1290, 39.72929825262827
1291, 21.897755377387057
1292, -3.70553823772525
1293, -17.483851721805422
1294, -8.62187852267698
1295, -4.916943463493681
1296, -6.705897559258119
1297, 0.11695783633513201
1298, 1.5378993019476184
1299, -8.671707662323115
1300, -2.7596934903076544
1301, 14.153371622644045
1302, 19.216121374244267
1303, 18.253471670208
1304, 14.010799873906308
1305, 1.1297510713370684
1306, -11.443924824959595
1307, -9.213802724386369
1308, -3.542369484212486
1309, 0.9910004175908398
1310, 6.123031362500569
1311, 4.0680118956720435
1312, -13.907567847368227
1313, -22.1882028542027
1314, -16.85363038824198
1315, -15.012765513319664
1316, -8.805101991630181
1317, 8.740702070824682
1318, 9.150356972560076
1319, -3.960200375300701
1320, -0.23803780539310537
1321, 9.626002519973554
1322, 15.855589304751902
1323, 12.835954203769688
1324, 7.543529390812182
1325, 16.162786588025483
1326, 32.79757380045612
1327, 49.04269093415542
1328, 49.503695264335875
1329, 38.128467889473995
1330, 23.490094802510157
1331, 13.267289417422035
1332, 11.387569573691962
1333, 17.239662315689657
1334, 18.94562217856037
1335, 9.194499043246196
1336, 8.365241778144537
1337, 14.701997240391847
1338, 13.307643014927635
1339, 6.168434546450044
1340, -3.2001262126900656
1341, -3.8996018031316453
1342, -4.174742808400879
1343, -16.663324198381815
1344, -15.738486094741802
1345, -1.4319039645451994
1346, -5.622969083278804
1347, -8.33017728773757
1348, 5.168239642594017
1349, -3.5774630537266603
1350, -18.541285657668595
1351, 10.438660462653843
1352, 40.658650039514214
1353, 50.17355652158494
1354, 53.435792905268954
1355, 46.06082496941008
1356, 22.900544323139002
1357, 11.967623271133562
1358, 14.898558100147056
1359, 9.464021458494244
1360, 0.9650458144255936
1361, -6.625957824270245
1362, -6.643262164381667
1363, -3.148825097118788
1364, -3.367055741815875
1365, -2.7453705731222726
1366, 2.0614256741273493
1367, 16.465512525159284
1368, 25.539314939900123
1369, 19.547061036835657
1370, 10.69783785949403
1371, 4.937161761959942
1372, 8.404272351590862
1373, 13.043621939205877
1374, 16.428637882329895
1375, 24.655475700490115
1376, 22.67170929485519
1377, 2.733807406602409
1378, 1.2649587329019596
1379, 12.465604602325584
1380, 14.397828908918655
1381, 14.923490353321085
1382, 13.889055133125566
1383, -0.31908187257613463
1384, -5.789811639718209
1385, 11.0668671764397
1386, 23.16513799809809
1387, 22.01210360400455
1388, 3.9726020816201526
1389, -2.4976900531560204
1390, 5.951613122093022
1391, 10.466603880911407
1392, 12.294460829101808
1393, 12.004793194794274
1394, -0.29579198694545994
1395, -11.944280055656236
1396, -5.6322759560102895
1397, 2.1674267384410086
1398, 7.910147059903011
1399, 14.93124659873456
1400, 22.238389542477307
1401, 28.098568776949833
1402, 25.410530590095277
1403, 23.19162030136249
1404, 30.70723078654555
1405, 36.56233454966514
1406, 39.41185010402796
1407, 41.25965985910261
1408, 25.403447186649373
1409, -4.522594169749482
1410, -13.208620280443938
1411, -6.131664732610716
1412, 10.628601089094445
1413, 31.078029409619376
1414, 39.034418236433794
1415, 19.189327228618367
1416, 7.524551557660743
1417, 6.288131988084388
1418, -4.02262269218636
1419, -3.4937340633659915
1420, 11.778255016792627
1421, 17.799509940700773
1422, 14.367201090242816
1423, 4.801242636830466
1424, 0.06274950109354904
1425, -1.9996943750275022
1426, -5.152531254574569
1427, 4.938975296869103
1428, 17.995198505156168
1429, 1.0519258938147686
1430, -0.35031519171661785
1431, 20.36755260834616
1432, 12.820627329786475
1433, 1.4782012286977988
1434, 3.027819119634387
1435, -5.386535036829173
1436, -7.05249518395749
1437, 18.000187865385215
1438, 29.393339653669955
1439, 24.709691471454335
1440, 17.715330346884457
1441, 8.904033131807864
1442, 3.834213543202395
1443, 13.93151570363898
1444, 19.15267507710155
1445, 10.622764053619903
1446, -2.5373729167463352
1447, -5.911539579880127
1448, 7.857686988414798
1449, 19.095151786667884
1450, 23.43057133430966
1451, 20.327157701890883
1452, 5.364605051750914
1453, -4.890382865306947
1454, 16.466160209478176
1455, 27.823287654113074
1456, 20.73852238686368
1457, 11.904134940627273
1458, 3.821343821825849
1459, -0.3594296514168036
1460, 5.5422844275501575
1461, 15.45845959614985
1462, 22.991266509410252
1463, 23.652349582784836
1464, 20.55885980088692
1465, 15.532835896410006
1466, -2.7636095697737346
1467, -19.706404953865558
1468, -15.016858815650039
1469, 8.956182170823922
1470, 37.96184231741404
1471, 44.74496602629915
1472, 49.518917931457054
1473, 53.92731660979325
1474, 46.63427715125499
1475, 41.542439489335266
1476, 35.551794240003346
1477, 2.963107540459532
1478, -3.306151780438995
1479, 29.159133184192797
1480, 39.735541563253946
1481, 35.686278954618956
1482, 26.45362959084423
1483, 14.558853147580976
1484, 14.115423556853102
1485, 31.467502852074404
1486, 40.080868018660794
1487, 40.94077369127035
1488, 39.56169589780325
1489, 36.05460750501834
1490, 27.502238894668608
1491, 10.807486606666316
1492, -5.320818742334495
1493, -13.733015559272872
1494, -5.94031054005427
1495, -0.7362670576635537
1496, 3.4602971215001617
1497, 18.523788693049028
1498, 26.12817709516048
1499, 23.22682208644119
1500, 16.404388342025868
1501, 3.4023073304729223
1502, -8.361280492968945
1503, -0.9571240938360006
1504, 11.367055944628873
1505, 20.36261657828709
1506, 22.10740690035641
1507, 15.614970677845577
1508, 4.819497824229302
1509, 3.082429434857886
1510, 0.5597945098411401
1511, -6.619480094259416
1512, -12.30447012725881
1513, -10.33400698259311
1514, 1.4087131591784328
1515, 17.86148229468381
1516, 19.9752151012558
1517, 4.199272159061138
1518, 0.8463887387849809
1519, 2.6767746893017375
1520, 3.5854333421964384
1521, 4.349807825589096
1522, 8.635852626350697
1523, 18.97784960833701
1524, 33.188376638663385
1525, 39.7921290490558
1526, 32.23921408501042
1527, 16.58814177023396
1528, 10.511765497975603
1529, 20.265519604100973
1530, 15.621237524473372
1531, 2.268848703786716
1532, -10.720642770752875
1533, -14.206282368476195
1534, -3.952439459161951
1535, 17.39272340317916
1536, 25.237392402551905
1537, 12.18632224422754
1538, -14.063851679125946
1539, -12.153204790402697
1540, -1.2584374239556837
1541, 8.289642902434252
1542, 31.844207778227428
1543, 41.91774691475848
1544, 29.425392508709365
1545, 22.251345666383486
1546, 8.132974213611305
1547, -10.138306449307038
1548, -1.2448223293331466
1549, 23.95914000966991
1550, 46.38581864487105
1551, 32.313080317315325
1552, 14.507041195425927
1553, 4.799562933517791
1554, -8.015693765759352
1555, -6.388788718302521
1556, 6.17611765685956
1557, 4.1199635809050505
1558, 10.84480108812022
1559, 24.39380853311991
1560, 22.305979035695145
1561, 2.5647132014803447
1562, -17.770067810913133
1563, -11.641902677219832
1564, 2.279037037504395
1565, 17.385492565796312
1566, 27.72229853270187
1567, 16.42731540182649
1568, -1.3242901508544946
1569, -3.0896176427354476
1570, 0.11764917092591531
1571, 0.6737130162130143
1572, -4.401517292512381
1573, 0.7355538167198574
1574, 15.163708548207296
1575, 36.13281719272277
1576, 61.30783697317452
1577, 76.61936301532069
1578, 81.165741155138
1579, 93.84691752190793
1580, 101.43639692808756
1581, 104.28218748959443
1582, 123.58726150279085
1583, 146.19890100338012
1584, 166.57954587281847
1585, 184.08673706979448
1586, 181.900220843238
1587, 162.84357465037374
1588, 139.2096968869621
1589, 102.55012961963666
1590, 54.74364635626489
1591, 9.76941617291368
1592, -13.736655433603119
1593, -15.33912864679678
1594, 0.37239855125562826
1595, 19.68933302632422
1596, 20.530040465189586
1597, 1.061907942797916
1598, -3.4614726819854695
1599, -7.017535443786301
1600, -10.037738608976042
1601, 2.7015419812423715
1602, 5.730529727207113
1603, 0.43087419832454543
1604, 2.8646642471005634
1605, -3.4940503685477324
1606, -5.635880148630122
1607, 9.930118262974702
1608, 7.171778208865817
1609, -3.5654993288333117
1610, -7.441508471899851
1611, 5.857816362625499
1612, 23.338080539508383
1613, 29.51099236623395
1614, 8.707582175532707
1615, -6.452615261739993
1616, -3.82468183262381
1617, 17.791494187578337
1618, 33.53191935011796
1619, 30.918708928992146
1620, 8.840092912421142
1621, 0.17902244314905147
1622, 4.369456449020845
1623, 13.031670964327759
1624, 7.023566618997847
1625, -0.7910124984132381
1626, 0.6319784595202691
1627, 20.416727499940407
1628, 22.6783365851461
1629, 5.1355672615293315
1630, -16.366408562500283
1631, -12.965433452252682
1632, 8.707336553134155
1633, 34.51749794571083
1634, 39.30976898250128
1635, 37.028665819971366
1636, 36.23606381622267
1637, 37.78049589786565
1638, 26.069607806657586
1639, 8.651000138610698
1640, 0.7432713532664366
1641, -5.129192779032337
1642, -4.027984310836018
1643, 2.49685700496525
1644, -5.206509788072026
1645, -5.842184205532021
1646, -0.8526004298505541
1647, -8.970735026377724
1648, -7.21701500128097
1649, 0.11742007074053618
1650, 4.495742213142421
##END=



