##NAMES=
##LOCALITY=
##RRUFFID=
##CHEMISTRY=
320, -65.8762270904299
321, -52.107446825510124
322, -43.79725665906881
323, -34.97313142550047
324, -24.75840536907708
325, -12.141694103473128
326, 1.2438643736495578
327, 5.579667986050481
328, 1.1086998126811523
329, -3.74887890478567
330, -7.169181072527863
331, -5.8680040756189555
332, 2.274581835587014
333, 12.744199778695474
334, 19.844272169586475
335, 23.74845087052381
336, 23.43180860495704
337, 18.825422342157253
338, 9.744591114103969
339, -3.848341598342813
340, -7.640559916580969
341, 3.934560590550973
342, 18.43228504544095
343, 26.11016909238242
344, 28.12292053267447
345, 25.388223690897576
346, 18.110455622787413
347, 7.3691663595200225
348, -6.6259844141532085
349, -14.963879767175968
350, -15.865394749886036
351, -6.244247963128146
352, 16.498332882365503
353, 37.879478269016545
354, 41.06483479074086
355, 33.076127910440846
356, 29.236705731182155
357, 27.219713404483628
358, 13.450570881464955
359, -12.658650391193078
360, -19.423382919489086
361, 2.540040491941909
362, 18.668033916779677
363, 7.477535200956481
364, -10.165174964786274
365, -5.926721535819524
366, 9.3485422052363
367, 5.215006756276125
368, -16.15653918694443
369, -30.617228749004425
370, -35.39383587543489
371, -31.977281801348
372, -20.413564197115193
373, -4.357095666477107
374, 14.481954551938543
375, 30.24534970714012
376, 33.124282962668076
377, 24.461958490952384
378, 6.776985584958311
379, -17.074960676491173
380, -22.844176780552516
381, -8.348009045163053
382, 0.8943655165639939
383, -3.3578275155450683
384, -7.260268518013618
385, -1.5413957360433415
386, 4.410956922747573
387, -2.878226160279155
388, -17.620637946783972
389, -23.03891863154786
390, -22.16828375904879
391, -34.47238837573968
392, -61.71456213136116
393, -74.19455558423215
394, -63.381345317447995
395, -47.73287188659015
396, -37.33771987309592
397, -28.372693866815098
398, -16.573362057137274
399, -6.900873246344418
400, -12.77369813122641
401, -30.183705508417916
402, -37.61684285454248
403, -33.87856668124732
404, -26.971028557050886
405, -18.541211606436264
406, -14.9778931169094
407, -19.346988978606532
408, -25.064354401707533
409, -26.31040626811955
410, -25.123129561718088
411, -24.79793554099888
412, -22.340953017253923
413, -7.496833917393815
414, 18.75231168431492
415, 38.06258873549086
416, 48.815259490016615
417, 55.0574746016282
418, 58.45444269826112
419, 61.715376163327164
420, 66.63962692469431
421, 72.11171928824479
422, 76.74584544730897
423, 80.80653760081623
424, 84.26698128823773
425, 86.33761866060377
426, 82.70677148363029
427, 74.01141981135879
428, 71.10624950460624
429, 75.33705350168748
430, 69.28676262121735
431, 45.514702251020935
432, 21.96771256154534
433, 10.572220797828777
434, 0.27440859442867804
435, -23.131712561626045
436, -49.075467107628356
437, -49.33667373231947
438, -31.084446156826743
439, -28.17191837151404
440, -40.307911187155696
441, -36.34320515928266
442, -10.889443197800574
443, -2.948716600323678
444, -27.45749230185902
445, -41.78790942592968
446, -16.796328846561664
447, 16.372148514641594
448, 19.072959564360644
449, 5.829680734637805
450, 6.726489591012069
451, 17.507522916854214
452, 18.754644097785786
453, 11.49004295776831
454, 14.57200755064332
455, 30.376799785084586
456, 36.47752373847834
457, 25.76087814458151
458, 8.760936628223135
459, -9.709936744951847
460, -25.36832859232163
461, -33.7475576097313
462, -35.39297332880233
463, -29.96425082375208
464, -20.419753069589206
465, -15.942882068826293
466, -16.22638879290389
467, -18.84819553932175
468, -23.345348559083504
469, -26.561558954344946
470, -27.81132088652157
471, -24.284357984339294
472, -14.52047675504582
473, -4.588312444768235
474, 1.8313909978969605
475, 0.580360804196971
476, -13.974543462656584
477, -34.072431199001585
478, -44.029557830581325
479, -43.63846820877734
480, -30.473409338424972
481, -7.141283824690618
482, 7.485628470243682
483, 12.803383161597594
484, 18.324269346237998
485, 26.574048407786904
486, 33.66868183148836
487, 38.48485718021402
488, 44.39374176591082
489, 53.82332690944531
490, 52.66007273156356
491, 24.831773394438642
492, -13.60562321315956
493, -33.80080840086157
494, -41.04972285762051
495, -46.65267792656232
496, -51.266901053055335
497, -53.14149089323473
498, -51.551787947755656
499, -41.559709620658396
500, -23.13401625396
501, -21.068506714411342
502, -42.76640142972974
503, -58.68936726486572
504, -54.7665170507571
505, -46.81097843250609
506, -46.62953947720598
507, -41.20581622267855
508, -13.573494232023222
509, 19.14634075128197
510, 20.99510663763067
511, 4.546383817796595
512, 8.47834049100129
513, 31.280909656965378
514, 53.78558550643356
515, 75.24805166873193
516, 95.58517393403963
517, 115.0663934631084
518, 117.83704050935194
519, 98.98781666426657
520, 70.98803985907216
521, 37.98032504440562
522, 13.605993497712916
523, 7.5939566456581815
524, 11.691958474613784
525, 17.72612677329016
526, 25.070345217380236
527, 32.37231238184904
528, 35.52742571422277
529, 22.74027950584059
530, -0.6947481539500586
531, -10.42762053410479
532, -7.520443818018975
533, -6.42832237885159
534, -8.410617485704279
535, -5.163999901928037
536, 4.401162478905462
537, 0.6353992505210044
538, -23.167415556632477
539, -35.81244637155396
540, -21.65205382844215
541, 0.03200120345354662
542, 16.121183610222943
543, 23.819399243409862
544, 19.01387323176459
545, 9.719673862007767
546, 8.820972874284053
547, 13.080383658201754
548, 15.178113302212296
549, 16.16642356387092
550, 19.945208899684076
551, 25.095725320319616
552, 22.241896952065872
553, 12.352500517245062
554, 12.12935955149078
555, 23.18309321153356
556, 26.876540474317153
557, 18.191277511145017
558, -2.1889914657149347
559, -35.05405439248716
560, -54.9253637177535
561, -48.432058811151364
562, -36.797586066986696
563, -35.30935163731556
564, -34.70201564150193
565, -25.083200001216028
566, -12.918239675247605
567, -8.280737740766199
568, -6.490479604348366
569, 1.6712178792222403
570, 11.115147805150627
571, 5.246165928230766
572, -12.147727082043275
573, -21.780133916145132
574, -23.010732606660895
575, -18.563176254760037
576, -9.856653965362057
577, -7.287743482746009
578, -12.193753630490392
579, -16.527315327421093
580, -18.108994699938194
581, -13.407363552243623
582, -0.8679821412770252
583, 9.511690370269207
584, 13.119776331062894
585, 9.578513107579056
586, -1.950284520873538
587, -11.221907614399242
588, -8.934812937393872
589, -1.970594647780672
590, 1.6793716941356251
591, 2.4073266471823445
592, 0.3647274297218246
593, -3.9363915663125226
594, -9.414348503363726
595, -13.458378722974885
596, -7.966809877249034
597, 3.2000019906081434
598, 3.840443915931246
599, -3.6160619077309093
600, -2.0192282617426827
601, 9.00014895721688
602, 18.2328236971116
603, 23.658564624001883
604, 18.722437700616865
605, 2.9220274819126644
606, -7.2647260350240686
607, -8.286214888605173
608, -10.065991408740956
609, -15.861322328615643
610, -13.248432801698073
611, 3.3612432985064515
612, 4.625440660631284
613, -26.704892245739757
614, -50.44450419300483
615, -37.92594128408382
616, -20.722835367560037
617, -26.98888819700369
618, -33.27666643437624
619, -12.217655092972564
620, 14.724379548522847
621, 15.812297617845616
622, 7.300854108456406
623, 17.967364557571273
624, 36.61374934975902
625, 36.71514682049019
626, 22.641184275114938
627, 7.43986812068033
628, -9.56655105324171
629, -29.927411863925954
630, -47.719254413823364
631, -33.18272485692796
632, 6.706686043526133
633, 19.376885253535875
634, 5.401768204304972
635, 3.7548261924966937
636, 17.344469181411114
637, 21.014626076485
638, 11.391923036029766
639, 2.5424930642366235
640, -3.289029004812619
641, -13.035905459411879
642, -27.96360603525318
643, -25.227311440652556
644, 2.5075337750604376
645, 30.23062378645045
646, 49.047902325182804
647, 46.86755730677396
648, 17.620377268645825
649, -6.036211879392795
650, -7.090995892311184
651, -3.009871682494122
652, -4.484577550101676
653, -6.610202414522064
654, -5.8335707613878185
655, -6.824807952267292
656, -13.81730310140847
657, -20.29682603011679
658, -19.561420074343914
659, -12.556405646188068
660, 0.21141347977754776
661, 13.472269885925925
662, 19.634546578963636
663, 17.549204810489755
664, 4.345400114867516
665, -12.193632754446298
666, -17.661385119827173
667, -13.326858234384417
668, -0.7793196962193178
669, 14.624741809704574
670, 19.910388163458265
671, 18.681347766592808
672, 19.699734045148944
673, 17.96158755371289
674, -1.8155626160732936
675, -31.144537628177204
676, -38.64512896209999
677, -30.006399404075637
678, -28.711847075213882
679, -29.652733451031963
680, -7.446181844123203
681, 28.63162970443227
682, 26.35835111128472
683, -6.854788212265703
684, -14.752555360602855
685, 2.3599738565753796
686, 14.654033288934443
687, 20.297031731817697
688, 25.506043628734915
689, 29.551770032467175
690, 21.079338108367665
691, 0.9575334224318794
692, -10.812785761459963
693, -12.53199042214328
694, -10.300387774565024
695, -5.2318938778444135
696, 1.4264909343546606
697, 9.048317098462576
698, 11.103654147696943
699, 7.238592541660182
700, 5.0837900735969015
701, 6.140041489041323
702, 9.933639685179514
703, 15.515131064639718
704, 12.274339095973119
705, -1.8310159065913467
706, -18.073440493473754
707, -34.0817346053409
708, -36.83932010958597
709, -23.573229082750913
710, -2.160751989013079
711, 25.39901292162176
712, 43.45638424855133
713, 48.27943061282713
714, 36.50323979713721
715, 8.305099864774093
716, -8.796680863873917
717, -8.758661238720379
718, -7.258117390792904
719, -8.216101216577954
720, -3.2628721291548572
721, 9.581060087257356
722, 17.243780681277713
723, 16.675604667208972
724, 15.793272635946778
725, 17.10644040720217
726, 22.452023402729537
727, 31.596226256689988
728, 28.51912266814179
729, 9.291441831945122
730, -7.308827646738791
731, -17.26177712558274
732, -29.921999531314214
733, -47.28994468281235
734, -48.90394325269881
735, -30.65836756024146
736, -18.874877303420362
737, -20.150401492388482
738, -29.440095418507553
739, -43.909403196266794
740, -39.629363136824395
741, -13.019155121008225
742, -2.5245005007163854
743, -15.190697744757927
744, -22.722414514686534
745, -19.549849441631522
746, -17.9688241779877
747, -18.514010452421644
748, 0.6005102001145133
749, 39.468637416823185
750, 43.18909060397709
751, 7.293892571280594
752, -5.689815055120562
753, 11.40725812380333
754, 19.020449994921364
755, 11.922944928021025
756, 5.046140320475388
757, -0.45679067057790235
758, -12.059715008337662
759, -28.807559674460208
760, -33.00989917027255
761, -24.9479907261848
762, -19.871932356076286
763, -18.126566110200656
764, -11.983563678793871
765, -0.5232716601931315
766, 14.159128291881643
767, 27.7935024637045
768, 19.611967427794298
769, -3.558918955463014
770, -5.988876748477196
771, 6.57577244676213
772, 3.7957852597392048
773, -8.675559325743961
774, -5.2212620944555965
775, 8.866150635614758
776, 13.537760050196084
777, 14.373035310472915
778, 27.85169900301844
779, 43.916482526325126
780, 36.086992455559084
781, 13.29781886870478
782, -4.442778529260977
783, -17.439359905703895
784, -25.527627377046883
785, -26.22669530488929
786, -14.30991457880009
787, 3.6550066474119376
788, 18.253119066277577
789, 25.83331338832795
790, 20.872869211510988
791, 14.835046837248228
792, 20.06004478745308
793, 23.362228173777112
794, 12.443267302322056
795, 5.614536232264072
796, 17.33297137506088
797, 19.41118980697138
798, -7.21858410547793
799, -20.90315118026774
800, 1.6892430984735256
801, 15.686706765824056
802, 0.28822709933592705
803, -7.611675773219758
804, 6.08639263770965
805, 12.044848325876956
806, 1.598516100224515
807, 1.5598530989591382
808, 17.949028976534464
809, 24.20641293501467
810, 15.597787543269078
811, 8.536238539702026
812, 5.013519321128115
813, -2.7249199090874754
814, -13.250635646010778
815, -8.59547982758886
816, 8.120021562419424
817, 10.501023128079396
818, 3.5100373757559282
819, 15.385195854098129
820, 33.63146861720088
821, 11.571595135639654
822, -32.57184211552158
823, -45.17534744289878
824, -35.69354626929271
825, -25.060264613493928
826, -14.734882954526256
827, -6.809001171532145
828, 0.8105790639201587
829, 10.672513515208266
830, 15.666742946905288
831, 7.789384788942698
832, -1.2675620154259377
833, -2.269876627713529
834, -11.003234048308514
835, -37.58709446835019
836, -42.476007062196004
837, -6.239308628186336
838, 24.974727209229968
839, 34.20912251209484
840, 33.157885042024645
841, 25.90250323616783
842, 17.89830425463697
843, 10.646292728288245
844, 8.47959523825375
845, 10.66499101874615
846, 8.792675574301029
847, 2.3059933230179013
848, -5.334290261409478
849, -13.405223869871406
850, -19.349380750183627
851, -23.019915784003388
852, -23.564279886002623
853, -24.099537810247057
854, -30.86767915452765
855, -38.136645836697426
856, -36.63175206032065
857, -25.32540214644905
858, -2.2276828612612007
859, 20.61494434242377
860, 33.32611277245633
861, 33.68711646116935
862, 19.876000885651592
863, 1.5694586220924975
864, -16.8021184230347
865, -20.315507463457834
866, -5.193749177818972
867, 9.181042228758088
868, 18.27319337004701
869, 20.838604756147106
870, 15.52376482519503
871, -4.294209755724296
872, -34.22587479455797
873, -50.03079309259556
874, -52.081835772794875
875, -44.47929263449805
876, -31.146680234833184
877, -19.904914626049504
878, -7.726930528535377
879, 9.88109543605242
880, 24.236474770430505
881, 25.58178551387573
882, 25.785479741220115
883, 33.27473842767904
884, 28.62519511623759
885, 2.3289617694299523
886, -9.90040514238899
887, 3.035078323673588
888, 10.982679010325228
889, 8.094693311581068
890, 10.47547745808879
891, 16.18177324824319
892, -0.963982526156542
893, -32.34922937493502
894, -33.29023850980411
895, -12.345619279638413
896, 2.169444341237977
897, 8.415493709737348
898, 3.710819115936829
899, -7.260318295057004
900, -19.32466007899893
901, -17.273453508219973
902, 11.522939306669286
903, 36.059909460655035
904, 40.49023408702669
905, 32.63048766966676
906, 16.47860594460508
907, 10.759121673532718
908, 16.062536242268834
909, 5.655351824583704
910, -18.348122582079668
911, -24.479434579021472
912, -14.228127934615259
913, 0.008832799043375417
914, 16.11926229396704
915, 30.40816104071746
916, 31.592829329514643
917, 3.199000032573167
918, -28.44647770699885
919, -41.512965242034625
920, -38.10551659954399
921, -19.092670100348187
922, 3.030556523892301
923, 24.355391646991848
924, 40.782748754350905
925, 50.48288033488461
926, 43.361963455632576
927, 22.139718615233505
928, 4.3247591660892795
929, -10.21091218922993
930, -23.469122969685486
931, -28.669193486442964
932, -13.042536032269709
933, 6.1346563355546095
934, 11.063999724463429
935, 8.211464625605004
936, 1.2256645508878137
937, -9.810360296460203
938, -23.80005085045559
939, -21.629107207860216
940, -1.833884998328358
941, 10.317014529584412
942, 13.52552573990397
943, 16.396303666742824
944, 17.35318031562383
945, 9.958207774707262
946, 1.1073676457654074
947, 2.2902255505996436
948, 0.06794081788393669
949, -18.307194074630388
950, -23.848441216847277
951, -1.0062428130459011
952, 17.610667062699576
953, 21.51083557632046
954, 16.05478152210526
955, 2.841635868346202
956, -14.533155111004817
957, -27.30673046748234
958, -7.032846072450411
959, 29.570148461663848
960, 46.992552529356544
961, 37.2203933031451
962, -10.346299660730438
963, -50.262501539744335
964, -53.51857854086484
965, -35.61506894578088
966, -4.319556820870275
967, 11.532880579003177
968, 7.055148574881969
969, -10.084357402160094
970, -31.950956567830872
971, -34.454336725309986
972, -26.955795248595678
973, -29.377853457399397
974, -32.411119781239904
975, -25.228374819313103
976, -5.320673461183105
977, 28.674628779166596
978, 47.043856519685505
979, 39.922227319875674
980, 13.731999957621156
981, -23.34049485617288
982, -33.519233511178754
983, -19.00779814980706
984, 5.252526297161239
985, 25.211680121125028
986, 18.65808227710295
987, 7.81761639330216
988, 11.291727172014362
989, 17.300632747870623
990, 19.94976116048383
991, 13.771005252692703
992, -1.3277367996906833
993, -14.240326034559985
994, -21.983867072627618
995, -18.082353131807395
996, -9.639147322715871
997, -10.774956124747405
998, -18.00180684217048
999, -27.602692179798396
1000, -20.89575718812739
1001, 11.29258612614285
1002, 35.44564498674299
1003, 43.064605970655975
1004, 41.010746829711934
1005, 29.611976041413072
1006, 5.847089924121974
1007, -18.751385214422044
1008, -19.38882473454214
1009, -10.44230453680575
1010, -6.7743066424354765
1011, -5.447556380791866
1012, -4.699775603085072
1013, -2.014603027182602
1014, 3.4082154415464174
1015, 10.6968061328771
1016, 19.858700479440813
1017, 30.26459818912008
1018, 36.84784775934713
1019, 29.737849962304608
1020, 20.8925635583073
1021, 20.78962150985899
1022, 14.429401671462983
1023, -4.131493455610325
1024, -15.85698794173004
1025, -17.15864519774732
1026, -11.97765282526234
1027, -6.887683249697147
1028, -18.38133690633549
1029, -33.44517842403911
1030, -32.89207862632247
1031, -25.72046898439112
1032, -17.099117154124542
1033, 2.7379925740933686
1034, 33.15357060023234
1035, 36.0019013488909
1036, 14.18190938886255
1037, 1.890216878922729
1038, -1.7318197119384422
1039, -1.9998463362135226
1040, -1.9295957732501847
1041, -4.04236080685223
1042, -5.303504807903664
1043, -5.071430392261391
1044, -10.202109463589295
1045, -19.874292054915713
1046, -22.33480327129655
1047, -19.365014080451147
1048, -17.137151112749052
1049, -14.761579191244891
1050, -11.101860512668281
1051, -9.363954043505146
1052, -11.80278000474209
1053, -24.27573500838116
1054, -45.25495066375879
1055, -56.433958132160114
1056, -61.83651028985696
1057, -75.0975883871979
1058, -83.03207752446178
1059, -69.19055956825832
1060, -58.104741856073815
1061, -60.896374622478106
1062, -51.32300630566533
1063, -31.712997780441583
1064, -51.42010455986019
1065, -95.9489757872434
1066, -115.60804993617785
1067, -115.53872281326767
1068, -101.44510583791634
1069, -52.077612596511244
1070, 39.115982621069634
1071, 88.78632175285384
1072, 91.64555500520146
1073, 109.06893927050987
1074, 144.92072188357815
1075, 192.3428637747911
1076, 235.56675236301817
1077, 258.69115904822684
1078, 255.480424530253
1079, 226.3616628887903
1080, 207.15277013906234
1081, 196.10327646254518
1082, 161.86597200562028
1083, 111.77342848006992
1084, 64.08221852284078
1085, 21.569239639104126
1086, -13.73143992452242
1087, -32.02488562680446
1088, -35.82720513292588
1089, -58.875663597766106
1090, -95.49320975636874
1091, -112.47986601755474
1092, -121.80762664743452
1093, -139.4916011436526
1094, -136.2140641752485
1095, -97.58375399752913
1096, -54.13542718681674
1097, -15.261282069075605
1098, 3.6077622262982914
1099, -6.34733208986836
1100, -62.27189729351812
1101, -103.80799770235535
1102, -83.4391182212421
1103, -51.2452847997356
1104, -23.012435906310202
1105, 6.858616224502839
1106, 28.32907055668329
1107, 8.481209396444683
1108, -15.471753269097462
1109, 0.6291089735277637
1110, 15.585941317634934
1111, 11.77498606111476
1112, 8.017974691589188
1113, 3.5207580816895643
1114, -18.146937196141153
1115, -37.67519142398305
1116, -22.799362518986527
1117, -0.7378868892337778
1118, 11.551859364910342
1119, 6.3815703699910955
1120, -11.691305828182522
1121, -12.8043278258574
1122, -5.2844363137446635
1123, -9.834635148543384
1124, -12.025356272326462
1125, -2.3626980347744393
1126, -8.022605570193264
1127, -27.210326304792034
1128, -5.043823624888319
1129, 33.57771561158734
1130, 20.085576743751517
1131, -2.259657617803896
1132, 3.162116854575288
1133, 13.093953779554795
1134, 19.297974869183236
1135, 19.43852842936576
1136, 14.084604626070359
1137, 4.925201885225761
1138, -1.3829309289558296
1139, 1.2860715288861684
1140, 11.909423398470608
1141, 27.78171909854609
1142, 32.47027075594815
1143, 28.694785832418347
1144, 27.358969735951177
1145, 23.108265677274176
1146, 10.702817456689445
1147, -5.616346976621571
1148, -21.895237070122676
1149, -21.01426113094203
1150, -8.473500893418532
1151, -0.9140961255397997
1152, 2.087524131526152
1153, 0.7177803149716055
1154, -10.513070867054921
1155, -28.389656089566415
1156, -25.31523740254306
1157, -5.996307637647988
1158, 14.435722945345333
1159, 28.390485963282117
1160, 30.845412217107878
1161, 26.563672353198854
1162, 16.287763834214275
1163, -1.7262491679175582
1164, -22.45810106742283
1165, -36.78675742578707
1166, -47.41996568185277
1167, -54.02127373426265
1168, -36.2449863009424
1169, 0.8936360919960862
1170, 22.501730201029204
1171, 26.45550089446806
1172, 11.842034366100052
1173, -10.566295880560574
1174, -33.98336684596143
1175, -39.588083244025256
1176, -30.46078024910821
1177, -21.530850301318424
1178, -8.045586562117023
1179, 14.570336822072932
1180, 31.521188687051108
1181, 39.30210321591585
1182, 42.53710349516041
1183, 37.906897679215035
1184, 17.88683902586854
1185, 2.945700221678635
1186, 4.591548708116534
1187, 9.527207144234126
1188, 11.140186892271231
1189, -2.3483619755334075
1190, -21.193411697522606
1191, -33.03922341444013
1192, -36.07623542463807
1193, -30.734995187734967
1194, -24.168478825677084
1195, -20.76610384056039
1196, -27.9417534751301
1197, -29.618617420539522
1198, -15.371952417186549
1199, -0.4664294635604165
1200, 10.155680627442052
1201, 10.991292642336703
1202, 9.327455666078095
1203, 14.348278893712632
1204, 24.355302599698916
1205, 36.80975230225158
1206, 38.966988201995264
1207, 33.62912329642495
1208, 29.257314086007682
1209, 15.551941717716545
1210, -12.422353195504911
1211, -28.713826739134674
1212, -27.524384334146816
1213, -7.296803242823444
1214, 13.480614421356222
1215, 15.928812624579223
1216, 6.52137760970254
1217, -10.786601093734134
1218, -26.203555154532296
1219, -25.529785122489557
1220, 12.155895655871063
1221, 35.29542363239125
1222, 23.046651990121973
1223, 9.193600844040702
1224, -7.76329146164062
1225, -43.07444385953204
1226, -61.022889465970366
1227, -39.5851224015496
1228, -22.458162311357228
1229, -12.339779291938612
1230, 12.715036159286683
1231, 31.704023823440366
1232, 23.631870425209854
1233, 15.362008310372403
1234, 12.156459352425372
1235, 1.3010091983560415
1236, -10.336864170714762
1237, -12.237812508205025
1238, -17.90618746146356
1239, -29.048640427523424
1240, -23.666990520385298
1241, -12.291326595850478
1242, -17.453144789986254
1243, -24.62929974122926
1244, -24.656751588379848
1245, -7.103914892011744
1246, 19.64703183345955
1247, 33.65657293030745
1248, 31.488976324895702
1249, 13.19949351073592
1250, -0.12817356247251155
1251, -2.9216687923872087
1252, 9.314800495223608
1253, 22.901228543527395
1254, 28.093613232986172
1255, 28.33329687124933
1256, 25.708515033315052
1257, 23.62744317805482
1258, 21.395815496704017
1259, 18.373427250515306
1260, 16.267486094731794
1261, 15.162909096216026
1262, 14.157631505548125
1263, 12.720306041455842
1264, 11.123616909915654
1265, 18.842486336199727
1266, 33.58325048282313
1267, 37.64268098516732
1268, 32.66850644852457
1269, 22.00272256977587
1270, 19.594742445184238
1271, 26.127098378983646
1272, 29.702211434343553
1273, 23.893411518882203
1274, 2.295367651453489
1275, -35.38922583839849
1276, -73.6189861622588
1277, -54.00339395450828
1278, -9.032768874505564
1279, 24.721523229809463
1280, 37.64903383521778
1281, 28.49564042672864
1282, 1.0418688262234355
1283, -18.79530496039115
1284, -9.123092626083235
1285, -10.365102568166549
1286, -22.52400208445397
1287, -10.178306963529394
1288, 4.979817217663367
1289, 4.301029663063673
1290, 11.917935741019392
1291, 17.726308869392597
1292, -24.603528635238035
1293, -53.10759854578646
1294, -24.624304356117136
1295, -7.087281552814602
1296, -2.4801424552915705
1297, 20.102736268399894
1298, 21.565554016771785
1299, -16.285390506784097
1300, -21.339067804405204
1301, -2.4650488564439
1302, -4.895457352420635
1303, 0.5210656761646533
1304, 22.353846944975885
1305, 8.552798262420765
1306, -20.53531400731481
1307, -17.861616183190563
1308, -6.80589300756219
1309, 3.3670994324238563
1310, 17.486677411867277
1311, 16.681324695699004
1312, -22.92936665819434
1313, -45.81199493356871
1314, -39.88022050979998
1315, -29.74194493608593
1316, -19.17508716960947
1317, -9.889094805368586
1318, -3.170902980808023
1319, 2.60305460422569
1320, 12.038418018342782
1321, 13.417775999309015
1322, 0.7879284929731512
1323, -4.953687498500585
1324, -2.573862706514774
1325, 2.930415669150534
1326, 3.9113479805746465
1327, -2.4866560389727965
1328, -11.239462171413834
1329, -14.66015861525375
1330, -3.3519369029872905
1331, 10.384899500133542
1332, 19.693227717172704
1333, 14.168868040045709
1334, 5.36074047090915
1335, 3.1549923431557545
1336, 0.8058699430657725
1337, -1.6570381432557042
1338, -0.6697082616101397
1339, -10.132760406699163
1340, -31.145455945546928
1341, -23.076202997930523
1342, -1.617217456407161
1343, 3.8668396594021033
1344, 16.937376028485232
1345, 34.703070187884805
1346, 16.647422425665354
1347, -9.422192588699545
1348, -20.200659438800358
1349, -36.21063500231685
1350, -46.58826410646361
1351, -18.900727813765116
1352, 13.456113268064655
1353, 33.793350982525226
1354, 39.6678350392649
1355, 31.97449908845556
1356, 12.330022721029309
1357, -4.281895582462312
1358, -12.924372234332623
1359, -10.607635533984649
1360, -8.032768504093838
1361, -9.020307405569838
1362, 5.033344399231282
1363, 20.645944179883372
1364, 14.171948421886555
1365, 10.214286838920088
1366, 10.321860135751194
1367, -8.191634091215747
1368, -17.518906283357865
1369, -0.3959906314848922
1370, 5.61632760962857
1371, 2.603883273442989
1372, 4.8003816701912
1373, 2.1001718583029287
1374, -5.090077639737501
1375, -0.9095843847826472
1376, 5.538269795062661
1377, 5.148408554978232
1378, -8.478361978908652
1379, -16.587375156830603
1380, 14.510788434166898
1381, 39.519529977951606
1382, 42.917210384639475
1383, 30.935467117151347
1384, 9.689794079919011
1385, -12.613303471858671
1386, -4.209524325136954
1387, 14.855549894376963
1388, 3.7772010001899616
1389, -12.063202642444594
1390, -20.506098384952566
1391, -11.34224999770413
1392, 5.977881627988609
1393, 21.435157321677252
1394, 13.273010846653051
1395, -7.053326407776694
1396, -18.836731083083578
1397, -15.937766401862973
1398, -3.997195215741158
1399, -2.402812059757707
1400, -4.898138868666138
1401, -8.194896019831504
1402, -14.925353343329334
1403, -22.31341617194812
1404, -26.47910883487384
1405, -21.850719785921683
1406, -6.284036246323012
1407, 20.8793263304251
1408, 30.167528669464446
1409, 18.432903553255528
1410, 16.315239405450484
1411, 7.109772854135372
1412, -15.562746052615694
1413, -3.2421648348008603
1414, 11.929133961466505
1415, -17.76394664754116
1416, -23.96735305495895
1417, -7.759376509768117
1418, -13.8958780032317
1419, -9.671486439807268
1420, 8.589334123027584
1421, -7.537359700074376
1422, -19.774400476557275
1423, 0.08003902509153704
1424, 14.692459187110217
1425, 18.717480425702888
1426, 13.294040262138878
1427, 5.399483814037012
1428, 0.3779892507427576
1429, 5.943922854630728
1430, 10.480371709882093
1431, 7.947267392401045
1432, -4.417978156054232
1433, -12.186616376957318
1434, -8.057202876392694
1435, -10.209521334936653
1436, -16.289646533658015
1437, -21.68295669806139
1438, -36.88247048207813
1439, -44.47630431135076
1440, -9.502050636165222
1441, 21.205451902687855
1442, 33.598451485228
1443, 33.766292971873554
1444, 22.88959242682904
1445, 7.820735768189479
1446, 16.706946064616204
1447, 16.862035203503183
1448, -11.888885699903767
1449, -13.944482678864006
1450, -5.640610739184922
1451, -14.195409037736681
1452, -3.343593915882593
1453, 6.818259495727034
1454, -31.733253472324577
1455, -38.263285623637785
1456, -9.40389616487846
1457, -6.84470611656252
1458, 2.9011789199885243
1459, 25.178034254628074
1460, 15.717146558559762
1461, -4.14300719865787
1462, -17.4345899705404
1463, -20.093714433100104
1464, -13.776049091095047
1465, -0.23441958935654839
1466, 19.164722213085042
1467, 24.558539380896036
1468, -5.129215684459268
1469, -11.795077762315486
1470, 2.743836864412515
1471, 11.244256784742902
1472, 19.131292309632045
1473, 18.98438799523865
1474, -9.535310866178406
1475, -17.98346344725178
1476, 0.901256505630954
1477, 7.733707305618736
1478, 8.154423558577037
1479, 8.068407240765737
1480, 13.788893233810086
1481, 26.472251313851302
1482, 43.75067581500116
1483, 50.50688808519408
1484, 41.23292220377334
1485, 17.570330548642232
1486, 12.702686416652796
1487, 8.139893221599777
1488, -17.578358883483816
1489, -31.363116978489415
1490, -34.88171036063068
1491, -36.63496362513797
1492, -19.86899732152233
1493, 1.1329471076569462
1494, -2.0611680573820195
1495, -11.995872598105052
1496, -16.936355946807453
1497, -4.805374010251398
1498, 4.843147044710349
1499, 9.893789610023305
1500, 18.706387860955147
1501, 16.189993588737707
1502, 4.7803568424697005
1503, 4.346109801463172
1504, -9.650291676050983
1505, -30.97491357332001
1506, -11.780242077487856
1507, -2.236580071565186
1508, -15.472141578544324
1509, -14.61297830634794
1510, -14.509595251789506
1511, -16.183590466507667
1512, 7.398632884980543
1513, 21.765639062346963
1514, 14.88938441828941
1515, 18.840405913515497
1516, 24.189787930314196
1517, 21.739300044462652
1518, 4.539004590031254
1519, -10.915324479519768
1520, -15.53987694459829
1521, -16.73166525587476
1522, -4.424344212851793
1523, 17.39269648120171
1524, -1.3347855073534447
1525, -15.826523380783328
1526, -1.9307329060411575
1527, -5.358315561521522
1528, -10.775165800065224
1529, -8.877567197392636
1530, -20.794099939277658
1531, -23.418006160283767
1532, -7.711465591672095
1533, -12.542367770409328
1534, -18.873668809768787
1535, -11.438694638900415
1536, 6.74595495432186
1537, 13.834966521906608
1538, -0.014880503302265424
1539, -15.538394455461457
1540, -17.289009099164105
1541, -1.9616142716131435
1542, 8.758689707789017
1543, 2.58603877999667
1544, -19.607191427481666
1545, -30.829113856243566
1546, -25.105814669443134
1547, -8.452269929994145
1548, -8.58602402113138
1549, -10.662323288701373
1550, -3.632626650867678
1551, 19.454573864728445
1552, 40.50549078490258
1553, 45.44412746071794
1554, 19.116742222407993
1555, -11.600343434856768
1556, -33.497815028717014
1557, -40.70905058790595
1558, -35.99058268771296
1559, -29.984157536537168
1560, -42.040771434703856
1561, -55.852895061187155
1562, -64.61379660678176
1563, -64.94112119251804
1564, -55.53797063386082
1565, -49.59044605639065
1566, -65.00633470636421
1567, -72.86462709607258
1568, -80.61548416233381
1569, -101.0691097512663
1570, -98.83456188787568
1571, -83.74881145037216
1572, -69.02847150530215
1573, -37.13692676058963
1574, -1.3107369143799588
1575, 28.45479353428891
1576, 63.090920390934116
1577, 100.44368766347907
1578, 136.45341839536923
1579, 163.25307019457614
1580, 212.8081293955329
1581, 279.239345966409
1582, 298.33360103432096
1583, 298.69009868985813
1584, 279.9475174056206
1585, 216.613491879285
1586, 152.51503150145618
1587, 90.2931181662625
1588, 17.365285854104513
1589, -28.844883380863394
1590, -59.03361594418675
1591, -91.98445861843174
1592, -101.84161285155278
1593, -101.78581479792956
1594, -106.61813841533149
1595, -115.01564549782779
1596, -117.6826158448439
1597, -107.1891748105354
1598, -78.53463695048777
1599, -43.99756513786269
1600, -17.549566646352105
1601, -18.449732573944857
1602, -15.680166019157696
1603, -13.21060898986616
1604, -31.260801639471538
1605, -33.54029708650887
1606, -22.67598060814271
1607, -10.633388472220759
1608, 3.692121767606295
1609, 3.5642581343490747
1610, -18.183999816657888
1611, -38.09403790428223
1612, -34.685863440878165
1613, -9.260904600456342
1614, 9.410843097495672
1615, 29.381538422258018
1616, 34.04797546368718
1617, -3.8941808713716455
1618, -15.266741671041018
1619, -11.598520123814524
1620, -18.45300740170751
1621, -15.501411949191606
1622, -4.07920770949022
1623, 11.20337378991826
1624, 23.155542302489266
1625, 25.307511993050866
1626, 16.91081078805837
1627, 3.3336748425645055
1628, 3.2847125438347575
1629, 11.507783132046825
1630, 13.398900270483864
1631, 1.2684529587077122
1632, 2.2875072804927186
1633, 18.401024763983514
1634, -20.97602630780966
1635, -38.44045856921912
1636, -17.9645442039473
1637, -6.434469700905538
1638, 17.218671798400464
1639, 29.413727725601348
1640, 2.1615682099945843
1641, 4.188698798634505
1642, 15.173727522453191
1643, 12.000542232912267
1644, -7.57186629509124
1645, -19.30229449279068
1646, -23.11275125866814
1647, -35.28127725177728
1648, -28.89004649328308
1649, -18.968893065575685
1650, -28.845782370963207
##END=



